578.348.708-95;João;false;6295
237.705.725-44;João;false;9963
910.019.468-16;Augusto;false;2873
624.532.034-13;João;true;7434
086.089.211-08;Augusto;false;3233
802.387.055-71;Denise;true;9830
984.609.698-32;Augusto;false;4780
280.082.532-67;Denise;false;6920
868.525.856-09;José;true;659
435.225.093-44;João;false;814
086.383.149-99;Alberto;true;7489
509.008.365-85;Augusto;true;398
865.286.898-72;Maria;false;9068
519.334.694-33;Denise;true;4650
806.158.834-62;Maria;false;5512
614.114.966-99;Maria;false;4551
457.511.505-31;Denise;false;8135
038.550.019-17;José;false;1327
802.706.446-86;Denise;false;7040
777.729.784-81;José;false;4382
367.630.340-10;Augusto;false;9060
165.007.909-69;Marcela;false;6072
115.562.425-05;Augusto;false;8656
754.218.562-49;Augusto;true;9643
230.016.493-62;Alberto;false;7551
014.715.342-96;Marcela;true;6992
210.402.523-89;Maria;true;7510
01.275.310-86;Maria;true;4939
497.136.324-45;João;true;769
461.427.933-09;João;true;1579
959.164.698-92;Denise;true;4303
222.322.024-33;José;true;4151
044.530.792-63;Maria;true;5357
227.581.235-22;João;true;5322
237.977.701-98;João;true;741
106.156.511-37;Maria;true;579
095.508.572-39;Augusto;false;4261
723.346.664-69;Augusto;true;6190
876.469.933-31;Marcela;false;8498
366.159.447-53;José;false;4708
602.640.526-62;João;true;3980
315.427.829-32;Augusto;true;7383
148.437.110-98;Marcela;false;862
165.804.707-79;João;false;2563
213.719.458-17;Augusto;false;7914
431.983.185-73;João;false;9940
215.253.268-69;Maria;true;6394
948.276.832-43;João;false;3459
598.937.999-99;João;true;9129
979.080.300-24;Maria;false;2565
906.250.697-05;Marcela;false;1338
400.322.667-84;Augusto;true;4474
423.478.739-36;Denise;false;9245
064.274.919-83;Alberto;true;2542
749.191.391-10;Denise;false;937
115.593.502-81;Marcela;false;526
938.880.746-57;João;false;3558
650.566.983-13;João;false;2854
808.825.909-85;Alberto;false;5386
656.134.034-47;Maria;true;5477
825.067.635-43;José;false;9474
339.040.898-69;Denise;true;6787
536.862.250-86;Alberto;false;5274
104.920.825-45;João;false;6725
882.171.760-78;Marcela;true;729
04.622.635-19;João;false;4844
640.509.378-76;Marcela;true;3845
245.237.082-25;Alberto;true;9082
794.294.952-48;João;true;238
328.184.321-50;Marcela;false;4354
863.667.230-67;Alberto;false;7121
266.259.331-85;Maria;true;324
944.715.196-44;João;false;7042
250.372.520-13;José;true;9591
985.356.193-69;Maria;false;8995
987.785.286-49;Augusto;false;7320
102.346.813-24;Alberto;false;588
053.113.242-29;Maria;true;3931
875.823.693-98;Marcela;false;5753
770.094.417-00;Marcela;true;4777
976.257.871-54;Maria;true;3285
541.018.159-44;Alberto;false;2068
782.179.014-86;Maria;true;4408
330.108.096-58;José;false;7685
739.937.922-39;Alberto;false;4398
087.909.796-00;João;false;5888
352.798.003-59;Denise;true;8695
663.207.770-01;Augusto;false;1994
776.186.886-99;Denise;false;326
629.936.865-08;João;false;3316
030.815.166-40;Denise;true;9164
143.044.028-58;Alberto;false;4457
687.180.575-44;Alberto;true;662
548.605.166-40;Augusto;false;3380
643.031.007-24;Maria;true;504
611.252.705-79;José;false;7081
036.770.374-64;Marcela;true;4064
826.753.413-54;Maria;true;9728
434.234.598-02;Maria;false;3336
459.514.864-23;Marcela;true;6368
126.362.704-83;Denise;true;3605
551.012.859-25;Augusto;true;9712
433.748.939-97;Denise;true;4744
189.514.969-11;João;true;3785
344.384.753-17;José;false;3297
015.253.658-62;João;false;8027
676.723.596-51;Maria;true;1526
607.394.535-10;João;false;7347
042.658.734-18;Denise;false;9789
368.793.622-97;Marcela;false;550
579.803.969-56;Denise;false;792
938.862.944-75;Maria;false;9314
218.463.636-77;José;false;1631
497.239.057-25;Augusto;true;2840
245.062.187-23;João;false;6634
507.496.877-18;Denise;false;8028
648.774.607-33;Maria;true;9689
630.695.867-31;Alberto;true;2717
885.104.370-56;João;false;2211
188.915.570-73;Marcela;false;6215
636.502.560-38;Denise;true;785
351.346.390-34;José;false;6268
810.236.297-20;Alberto;true;9160
019.293.069-79;Marcela;true;380
590.930.246-45;Denise;false;9100
049.058.308-53;Alberto;true;6581
552.110.015-79;João;true;4984
429.655.528-14;Augusto;false;6455
857.120.845-35;João;true;1386
941.480.022-96;Alberto;false;3942
329.876.164-97;Augusto;true;6897
483.918.762-24;Alberto;false;7161
752.095.796-90;Marcela;false;5063
758.901.495-92;João;false;6130
774.970.539-86;José;true;4561
848.787.225-33;João;false;8459
327.723.573-24;José;false;121
424.849.526-59;Denise;false;2777
095.319.008-64;Augusto;false;170
979.782.899-47;Maria;false;8681
404.019.118-73;Maria;true;2102
479.360.527-32;José;true;8146
752.736.779-92;Marcela;false;6694
702.675.718-81;José;false;4892
745.844.698-26;João;false;3960
952.420.759-62;Augusto;false;9151
102.747.859-86;Maria;true;5899
686.437.855-95;Augusto;true;730
916.075.309-54;Alberto;true;2268
216.703.915-58;Augusto;true;8863
669.366.341-93;José;false;8264
497.764.370-66;José;false;5064
179.098.864-41;Augusto;true;8146
425.055.093-32;José;true;5943
169.372.725-80;Marcela;true;4382
964.410.140-39;Maria;false;241
322.772.854-17;João;true;8237
100.128.687-55;Maria;true;8150
304.070.880-03;Augusto;true;2906
822.582.084-03;Alberto;true;5248
777.870.829-82;Marcela;false;8467
844.632.665-87;Maria;true;1129
528.095.986-18;João;false;8013
408.649.428-11;Maria;true;262
819.254.019-67;Marcela;true;5415
979.931.418-87;Augusto;true;4882
605.231.582-10;Marcela;true;5794
885.483.631-31;Denise;false;8987
330.178.580-05;Maria;false;1059
641.209.616-29;João;true;1093
309.903.926-52;Alberto;true;9492
556.098.327-84;Augusto;true;8026
680.494.362-24;Augusto;false;7898
914.942.667-00;Maria;true;8290
094.712.346-51;Marcela;true;8184
938.732.140-00;José;true;3831
622.635.190-83;Marcela;true;8139
160.544.316-04;José;true;2478
238.581.901-36;Alberto;false;3922
710.297.505-03;Marcela;true;3785
258.277.379-28;Marcela;false;8785
095.702.152-78;Alberto;true;5460
849.503.052-53;João;false;8660
061.507.900-56;Alberto;true;7695
483.237.469-53;João;true;4878
490.679.729-47;Augusto;false;5262
849.090.538-43;Alberto;true;1045
185.086.140-78;João;true;1362
476.631.651-29;João;false;1525
087.778.487-45;Marcela;true;514
793.503.107-35;João;false;4460
728.602.073-19;João;false;8116
957.503.219-46;Denise;false;9795
171.763.350-44;José;false;8411
862.404.727-15;Maria;false;2978
515.776.056-04;Alberto;true;4965
303.366.989-05;João;false;5398
692.398.285-13;João;true;8750
936.898.724-10;Alberto;false;9730
865.446.702-92;Marcela;false;7927
696.352.014-57;Denise;false;7734
277.086.730-96;João;true;7997
540.772.360-56;Augusto;false;5261
631.800.499-39;Marcela;false;3279
678.344.942-36;João;true;2747
071.262.076-57;Denise;false;2754
989.125.624-92;Maria;true;4380
204.661.434-02;Denise;false;1057
415.253.479-77;Alberto;true;9117
310.368.560-37;Alberto;true;8437
279.810.756-79;Marcela;true;9130
734.403.868-81;Maria;true;1772
852.227.085-54;João;true;6269
07.690.215-28;Denise;false;6302
103.873.645-62;Alberto;true;3785
635.637.002-95;Augusto;false;1495
406.380.657-76;Marcela;true;8911
306.285.511-18;Marcela;true;27
300.747.613-63;Denise;true;649
636.871.685-80;Denise;true;9321
910.885.858-34;Denise;false;1592
119.460.097-97;José;true;1654
620.959.415-74;Augusto;false;3256
562.825.552-71;José;true;5637
679.597.735-83;Denise;true;8550
505.806.367-86;José;false;8413
926.152.678-33;José;true;3294
245.059.432-88;José;true;7876
568.053.927-33;Marcela;false;7705
562.675.523-10;José;true;9300
529.305.090-88;João;true;6983
208.340.500-89;João;true;4621
560.851.652-93;Denise;true;4130
110.122.992-69;Denise;false;8640
695.757.874-68;Augusto;true;1958
967.641.179-05;João;false;9470
538.309.778-22;Augusto;true;9846
829.222.336-67;Augusto;false;5919
057.123.316-71;Alberto;false;8020
406.269.992-26;Alberto;true;3324
098.439.595-47;Alberto;false;3109
283.985.737-07;Augusto;false;6025
253.426.392-98;Maria;false;6310
297.900.194-13;Denise;false;2411
564.253.754-06;Alberto;true;6094
328.833.402-50;Maria;false;2992
396.621.240-59;José;true;3160
583.920.314-85;João;true;1688
913.661.421-52;Augusto;true;4279
271.134.745-04;Augusto;true;3850
520.257.099-20;João;false;1456
057.863.422-61;José;true;5254
282.454.437-31;Marcela;true;4443
282.375.340-99;Alberto;false;7352
836.217.463-14;Maria;false;7185
901.545.715-91;Maria;false;8716
234.130.829-42;Denise;true;6647
295.335.741-88;Augusto;true;5401
907.238.005-76;Augusto;true;6196
677.355.810-39;Augusto;true;3859
406.506.164-75;Marcela;true;385
938.566.758-89;João;false;3080
877.517.956-52;Alberto;false;4290
454.442.745-57;Denise;true;4013
279.977.894-29;Augusto;false;4337
483.122.877-31;Alberto;true;2494
536.611.898-42;Augusto;false;5081
199.221.230-87;Alberto;false;1639
636.372.177-97;João;true;1238
888.364.534-96;Alberto;false;6731
145.530.263-17;Denise;true;1570
657.844.562-96;José;true;2728
123.677.193-19;João;true;1777
973.470.668-81;Augusto;true;4515
235.510.664-44;Marcela;false;3062
455.274.741-07;Maria;true;5091
529.449.897-75;Denise;false;7807
508.014.322-26;Denise;false;5625
936.409.152-64;Augusto;false;3394
371.454.630-65;Alberto;false;2028
628.554.476-59;Denise;false;4956
423.191.852-91;Maria;false;7209
761.970.360-48;Alberto;true;7513
467.972.508-96;Marcela;false;1821
576.798.867-09;Maria;true;3212
918.477.499-29;Alberto;false;8970
358.413.268-02;Augusto;false;5942
337.951.011-32;Alberto;true;214
744.357.898-71;Denise;true;6700
535.344.476-79;Marcela;false;4309
233.056.647-97;Augusto;false;4859
053.023.751-74;Marcela;false;8019
290.230.063-67;Denise;true;4584
133.338.424-20;José;false;7694
623.688.762-05;Augusto;false;9425
418.679.292-59;Denise;true;9676
493.043.281-70;José;false;2308
721.700.306-79;Maria;true;3049
857.620.315-97;José;true;6496
535.651.013-00;Alberto;false;249
251.858.765-60;José;false;8074
925.500.197-21;Marcela;true;4419
09.117.299-27;José;true;7203
411.911.618-05;Marcela;false;5483
674.167.180-65;Denise;false;8857
251.275.199-68;José;true;7389
287.980.771-81;Denise;false;6012
189.908.590-10;Denise;false;2671
450.020.622-60;Augusto;true;50
131.838.218-84;Marcela;true;2249
266.856.362-48;José;true;5205
174.922.870-92;Maria;true;6373
757.917.969-90;José;false;3677
616.904.196-55;Augusto;true;7578
493.293.682-26;Alberto;false;34
840.041.962-21;João;true;204
755.951.947-58;Alberto;false;6164
558.716.486-49;Denise;true;5636
374.381.955-05;João;true;4245
557.055.657-99;José;false;9994
934.700.185-70;José;false;805
451.642.494-18;Denise;false;8648
705.774.445-56;Augusto;true;433
729.260.763-41;Maria;true;8529
05.916.979-11;Augusto;true;4912
568.812.200-17;Marcela;false;4725
824.853.480-39;João;false;7638
931.187.763-62;José;false;2602
057.160.956-86;José;false;9318
999.357.124-83;Alberto;true;8960
543.015.797-44;João;false;6101
086.776.884-65;Marcela;true;8864
926.486.225-13;Denise;true;7459
745.544.387-63;Denise;true;1302
606.465.739-32;Augusto;true;2201
562.776.980-98;Marcela;true;5383
441.982.383-36;Marcela;true;1374
559.121.334-97;Alberto;false;8761
323.213.245-77;Denise;false;8081
445.564.112-46;João;true;7322
215.638.257-54;Denise;false;1240
411.518.670-25;José;true;5328
581.549.304-97;Marcela;true;1362
622.690.559-98;João;false;5185
729.001.561-75;Alberto;true;4329
335.449.110-53;Denise;true;4201
056.231.496-02;Marcela;false;4220
700.193.244-84;Denise;true;6804
150.200.004-68;Maria;true;9890
321.418.570-77;Marcela;false;3215
343.074.406-96;Alberto;true;1555
933.772.047-05;Augusto;true;7515
632.552.871-67;João;false;7689
06.451.420-08;Augusto;true;2003
418.285.072-63;Maria;true;3152
258.282.890-44;Maria;false;108
507.676.549-04;João;true;7126
789.287.401-06;Maria;false;9013
179.689.205-01;Augusto;false;9008
899.713.078-48;José;true;3274
992.122.076-34;Maria;false;7108
927.142.011-45;Marcela;true;4856
642.801.816-03;Denise;false;2789
662.044.254-71;Maria;false;6971
154.459.766-46;Marcela;true;3170
384.862.565-23;José;false;8612
082.222.632-55;Alberto;true;2729
043.791.526-22;Alberto;false;8677
878.202.341-48;Alberto;false;7984
313.898.708-40;Alberto;false;789
098.887.840-74;Marcela;false;3679
608.117.317-36;Augusto;false;1167
392.423.422-73;Denise;true;7774
913.811.587-03;José;true;5798
218.164.229-20;João;true;4877
335.118.997-56;Augusto;true;7477
981.111.600-45;José;true;9284
670.176.779-96;Alberto;true;8586
797.438.319-31;Marcela;false;4159
585.338.325-32;José;true;6608
021.854.736-72;José;false;7817
293.710.728-19;Alberto;false;6688
565.203.010-31;Denise;true;3571
762.425.750-06;Denise;false;867
086.256.163-91;Augusto;true;3389
152.745.950-61;José;true;1569
439.896.154-94;Maria;true;5698
084.074.420-17;João;true;3388
188.152.870-73;João;false;8971
720.279.649-65;Denise;true;9993
908.833.283-23;José;true;9209
903.267.607-72;Maria;false;3578
773.728.715-55;Alberto;true;8464
384.577.150-30;Alberto;true;2097
817.579.496-40;Alberto;true;4774
632.051.705-73;Denise;false;4507
830.488.547-14;Alberto;false;7352
894.580.792-71;João;true;5349
102.087.436-77;Maria;true;4141
180.669.714-78;Maria;true;9465
358.771.922-48;Denise;true;7798
283.970.682-01;Alberto;true;5139
958.097.742-67;Augusto;true;7911
133.148.649-59;Marcela;true;1917
949.388.547-86;Augusto;true;7781
976.191.748-85;Marcela;false;8325
402.948.525-19;Alberto;true;5081
877.498.848-65;Augusto;false;1613
919.973.426-43;José;true;9324
812.878.446-05;José;true;993
035.401.740-79;Maria;false;4415
063.445.394-15;Marcela;false;3139
768.800.321-18;Alberto;true;6970
987.105.026-79;João;true;5756
300.158.218-87;João;true;1315
627.180.481-60;José;false;6749
576.154.645-43;Alberto;true;2769
717.308.018-82;José;true;7379
553.075.396-11;Denise;true;1084
276.494.896-66;Augusto;true;4028
658.806.244-17;Denise;true;9879
266.850.505-43;Marcela;false;3336
293.635.893-85;Marcela;false;49
616.924.041-55;Alberto;true;8420
159.383.487-22;Alberto;false;5497
106.958.798-46;Maria;false;1710
930.567.597-65;Augusto;false;6129
621.472.851-24;Denise;true;5628
728.765.769-58;Denise;false;406
958.111.126-94;Denise;true;2770
205.250.190-94;Marcela;false;5452
197.526.990-95;Augusto;false;967
697.228.375-39;Maria;false;8710
401.272.317-98;Denise;false;5069
100.498.658-17;Marcela;true;427
860.220.243-44;Alberto;true;8464
263.927.467-87;Augusto;true;6576
897.505.833-93;José;true;4590
109.914.578-44;José;false;6664
167.923.218-98;Marcela;true;900
951.337.754-11;Denise;true;1462
898.451.448-83;José;false;1709
394.122.842-79;José;true;6605
207.624.782-40;João;false;3470
072.808.882-53;João;true;7541
058.266.976-98;Maria;true;810
982.900.643-59;Alberto;false;2265
115.043.855-37;Marcela;false;4956
286.190.244-81;Augusto;false;9419
404.096.748-19;Marcela;false;8646
028.778.458-77;Augusto;true;6543
657.365.040-57;Alberto;true;6732
899.493.672-86;Maria;true;4780
714.302.839-13;Augusto;false;7996
170.612.351-66;Marcela;false;3378
988.323.235-35;Maria;true;6154
485.641.463-07;Maria;true;5294
578.487.833-43;Marcela;true;4122
711.903.102-68;Maria;false;2305
135.132.469-74;João;false;3761
0.970.691-44;Marcela;false;1720
811.334.967-64;José;true;1523
041.169.589-90;Augusto;true;5127
463.169.167-61;Marcela;false;8016
504.776.149-91;Alberto;false;7135
316.220.368-79;Denise;true;5295
293.750.933-43;José;true;7753
330.866.962-04;José;false;9439
408.560.006-18;Denise;true;4346
643.889.441-66;Alberto;true;3953
466.433.055-89;Marcela;false;7454
434.460.762-74;Marcela;false;3288
177.476.672-94;Marcela;true;1430
800.776.989-28;Alberto;true;1359
423.286.498-59;Alberto;false;6654
980.299.979-44;José;true;1853
696.793.049-38;Alberto;false;2148
505.383.342-21;Maria;false;6936
984.032.246-31;Denise;true;2065
425.560.576-16;Maria;true;2904
187.955.526-39;Alberto;true;9183
997.438.183-98;Maria;false;9529
439.210.406-27;João;true;9353
759.133.851-19;Marcela;true;9574
076.861.596-76;João;true;4483
963.565.021-70;Alberto;true;5584
968.408.400-89;João;true;7901
715.812.234-41;Alberto;true;9199
287.919.988-00;Maria;false;5329
459.764.582-06;Maria;true;4959
817.239.932-00;Marcela;true;6975
976.137.961-84;Maria;false;9165
029.325.299-56;José;false;9840
0.147.950-86;João;false;5241
936.291.648-38;Alberto;false;8510
150.821.228-32;Maria;true;8936
598.912.240-70;José;true;3174
533.528.210-90;João;false;4362
545.909.560-03;Augusto;true;8587
824.911.755-03;Alberto;false;8603
148.887.893-20;Maria;true;3683
098.349.713-98;José;true;6106
536.330.889-39;Maria;false;4898
736.335.445-88;Marcela;true;6143
670.179.197-22;Denise;true;4033
808.631.010-39;Alberto;true;862
607.530.447-79;Alberto;true;8871
849.850.485-68;Alberto;false;6374
652.398.430-31;José;true;4489
552.434.148-65;Marcela;true;4570
027.678.256-62;Alberto;true;8630
695.917.127-32;Alberto;false;5979
571.620.379-29;Denise;false;3288
247.591.158-39;Alberto;false;4291
310.089.931-40;Denise;false;2004
319.081.212-78;Denise;true;5689
331.284.340-63;João;true;4031
875.125.663-55;Denise;false;8484
461.815.014-37;Denise;false;9298
954.360.808-81;Marcela;true;5074
034.151.239-41;Maria;false;8680
525.292.344-12;João;true;477
457.985.940-31;Augusto;false;5426
992.887.269-85;Marcela;true;4278
365.086.719-39;Maria;false;3563
634.938.018-81;Denise;false;2483
368.139.402-82;João;false;1164
738.796.342-07;Maria;true;8158
947.838.936-17;Denise;false;2876
420.490.385-99;Marcela;true;6830
910.790.951-69;Alberto;true;4757
744.073.480-95;Denise;false;7655
317.265.266-44;José;true;1348
989.036.782-67;Marcela;true;1743
265.238.785-59;José;true;8452
491.586.356-71;Alberto;false;7196
253.410.549-13;João;false;4635
822.591.132-64;José;false;2034
561.674.331-27;José;false;9510
212.897.561-77;Augusto;false;7203
183.616.902-69;Augusto;true;988
655.721.697-22;Denise;true;1489
637.595.811-27;Denise;true;1217
662.424.636-13;Denise;true;5612
248.384.080-46;Alberto;false;312
465.846.695-80;Maria;false;2707
356.373.980-71;João;true;8656
808.530.228-03;Marcela;false;2036
167.778.587-49;João;true;155
357.268.466-68;Maria;false;7381
969.062.649-91;José;false;9263
545.792.916-83;Augusto;false;9490
041.210.971-04;Augusto;false;4140
651.811.709-61;Denise;false;5464
251.568.987-38;João;false;7090
498.682.738-43;Marcela;false;5181
430.182.970-17;Marcela;true;7383
932.709.654-17;João;false;673
562.406.631-07;João;true;4433
178.665.813-82;Maria;true;7056
417.719.818-02;Augusto;true;994
665.354.869-29;Denise;false;4760
037.187.218-75;Augusto;false;394
951.168.598-84;José;true;8574
06.575.788-52;Denise;true;2211
871.702.764-10;João;true;3500
413.296.038-48;José;false;1082
984.840.174-10;Alberto;true;6737
079.173.381-29;Denise;true;4283
869.123.372-61;José;false;7464
861.110.574-94;José;true;506
981.385.139-75;Denise;false;5089
982.764.101-63;Marcela;false;4426
166.518.002-65;Denise;false;7824
594.770.902-91;Augusto;true;3691
443.033.385-30;Marcela;true;5865
305.880.827-40;Alberto;true;5999
120.953.296-00;Denise;false;7857
899.201.891-35;Alberto;true;3412
971.662.615-49;Alberto;false;4237
430.219.516-33;José;true;1603
999.840.845-80;Marcela;false;4971
566.200.669-42;Alberto;true;3867
420.039.073-09;Denise;true;6691
767.724.411-79;João;false;5514
658.993.155-93;Marcela;false;251
185.826.111-08;Marcela;true;7891
065.900.792-10;Augusto;true;5874
726.460.599-62;João;false;4823
916.636.829-01;Marcela;false;7258
338.962.423-12;João;false;449
959.285.726-03;Denise;true;3719
416.589.840-68;Augusto;false;36
434.050.254-26;Alberto;false;5937
121.197.479-59;José;false;8691
866.793.905-27;Denise;true;7438
679.909.453-38;João;false;5436
426.907.034-00;Denise;true;949
650.431.064-24;João;true;3591
670.143.457-89;Augusto;true;8619
622.748.065-37;Augusto;true;4674
221.437.268-54;Denise;true;6564
687.014.289-01;Maria;true;196
254.112.067-41;Marcela;true;975
718.952.603-67;Marcela;false;7780
733.313.137-10;José;false;3153
926.115.045-60;Alberto;false;166
631.924.595-70;Marcela;false;9018
431.202.713-82;Alberto;true;1516
846.610.953-52;Alberto;true;6700
396.344.655-54;José;true;6034
804.725.649-57;Maria;false;4479
021.889.450-50;José;true;8120
962.246.267-31;José;true;7791
505.756.192-36;José;true;9374
151.527.745-47;João;false;4685
829.651.715-44;Denise;true;5822
366.882.466-61;Alberto;false;7979
443.711.495-47;Maria;false;7653
851.618.633-45;Denise;true;6422
323.410.355-35;Maria;true;2508
303.206.878-60;Maria;false;9447
055.300.713-62;João;false;8632
807.416.423-63;Maria;false;7884
304.059.929-72;Alberto;true;6532
558.362.542-35;José;true;1408
415.518.775-12;Alberto;true;6785
143.280.429-56;João;true;8509
552.741.207-91;Marcela;true;1998
900.102.039-43;Denise;true;4999
864.288.444-99;José;true;8356
339.626.882-39;Denise;true;6557
191.634.408-78;Denise;false;5603
693.151.127-43;Marcela;true;5473
607.914.446-15;José;false;6599
161.738.229-39;Alberto;true;7713
165.365.969-87;Alberto;false;1763
272.253.492-95;José;false;5869
962.698.264-33;Denise;false;2711
728.988.000-10;Denise;true;6242
886.524.126-64;Alberto;false;2934
970.589.001-35;Maria;false;2692
883.726.242-58;José;false;8664
119.897.082-01;João;false;7114
699.325.368-32;Augusto;true;2586
414.338.822-70;Alberto;true;7331
022.165.348-55;Augusto;true;7536
301.044.721-07;José;false;2307
990.337.121-32;José;true;5312
970.807.433-91;João;true;6744
961.449.802-36;Marcela;true;7647
605.750.548-07;Marcela;true;2637
139.543.301-40;Augusto;true;5138
017.228.390-63;Denise;false;1205
957.535.742-64;Marcela;false;2622
993.508.719-48;Augusto;true;7909
163.958.213-63;Alberto;false;5562
784.683.197-90;Maria;false;2963
181.177.366-49;Marcela;false;7779
325.030.897-30;Augusto;false;9387
731.606.720-73;Alberto;true;2689
878.381.019-48;João;false;2872
559.456.225-40;Denise;true;328
792.482.279-34;José;false;697
491.476.828-92;Alberto;false;9735
574.384.285-86;Denise;true;9480
391.612.837-80;Marcela;true;775
894.855.711-38;José;true;6851
754.362.639-84;Denise;false;1687
221.450.970-76;João;true;3738
538.854.882-94;Denise;false;7424
302.142.200-48;João;false;1068
289.452.260-74;Denise;true;6096
532.667.891-65;Marcela;true;5224
820.616.755-41;João;true;9639
577.517.614-16;Marcela;true;1163
466.756.525-70;Augusto;false;8162
878.483.569-27;Denise;false;5953
257.759.406-48;Maria;true;7629
235.510.001-71;João;false;2886
496.675.921-49;Marcela;true;1532
799.206.755-55;José;false;4450
722.957.844-42;João;true;965
189.113.725-70;Marcela;false;3063
251.711.206-21;Augusto;true;7146
991.107.827-26;José;true;1757
960.249.079-68;José;false;9414
013.321.598-10;Alberto;true;9020
846.232.536-74;Alberto;true;8877
635.541.054-70;Denise;true;5709
449.161.764-06;Augusto;true;9904
266.250.990-91;Denise;false;1903
524.392.435-09;Denise;false;3248
865.319.834-90;Maria;false;5512
868.371.524-51;José;true;5512
447.665.308-81;Maria;true;7727
194.291.930-39;João;false;3336
290.132.364-42;Marcela;false;6332
080.548.003-38;Marcela;true;3154
390.164.671-60;Marcela;true;1401
718.418.898-29;José;true;1589
661.239.925-16;Marcela;true;6808
281.464.923-97;Marcela;true;7313
889.035.014-39;Alberto;true;9436
273.975.662-41;Maria;true;5048
895.176.353-51;Augusto;true;3251
500.353.987-68;Denise;true;3162
146.478.763-74;José;true;3070
637.582.841-17;Maria;true;7702
491.894.669-07;João;true;7016
334.997.655-28;João;true;4310
136.148.390-46;Alberto;false;5962
371.949.861-19;José;false;358
736.317.830-44;José;false;1123
697.973.070-48;Denise;false;1083
451.862.917-73;Alberto;true;2268
236.873.272-54;João;true;4207
945.410.075-63;Alberto;true;293
373.863.208-84;Alberto;false;7916
492.921.853-80;José;false;5154
229.260.245-18;Alberto;true;9196
286.643.017-57;Alberto;false;429
903.034.178-82;Maria;false;606
389.057.440-84;Maria;true;6630
046.670.841-06;José;false;5539
489.853.889-60;Maria;false;3696
532.358.742-88;José;true;8874
900.022.581-22;Maria;true;5618
460.072.952-70;Augusto;false;7097
917.561.747-80;Alberto;true;613
938.362.216-26;Maria;false;1603
107.488.201-15;Augusto;true;7449
887.566.464-12;Maria;true;1876
922.591.106-64;Alberto;false;6936
130.770.351-81;Maria;true;4236
020.049.678-51;José;true;1917
279.188.194-39;Maria;false;5643
462.390.387-70;Augusto;false;7264
306.186.503-23;Denise;false;1592
162.180.902-89;João;false;9206
637.704.617-97;Marcela;true;9298
626.193.480-52;Marcela;false;5052
435.859.180-82;Alberto;true;4570
420.544.871-98;Augusto;false;7324
598.295.604-03;Denise;true;2593
282.787.865-84;Alberto;true;3926
541.286.579-08;Denise;true;2942
494.849.143-77;José;false;9810
061.715.486-86;João;false;2279
801.262.318-93;Alberto;true;169
072.840.041-13;Maria;true;6009
069.844.228-42;José;true;3618
271.006.739-36;Alberto;false;1130
791.966.041-19;Denise;true;1830
341.117.241-77;Augusto;false;3456
633.307.701-60;Alberto;true;7460
120.498.486-04;Marcela;false;8189
980.610.171-74;João;false;7557
02.765.652-06;Maria;false;2779
388.528.419-48;Maria;true;6665
566.840.053-65;José;true;9867
565.370.157-48;Alberto;true;7809
484.464.589-49;Denise;false;9297
736.305.044-46;Maria;true;8059
909.142.502-88;João;false;6860
424.571.734-85;Maria;true;1909
030.290.609-63;Maria;false;526
601.305.116-89;Marcela;true;7082
753.872.367-17;Alberto;false;7261
546.750.642-65;Augusto;false;2972
249.836.158-57;Augusto;true;192
570.809.384-43;Augusto;true;64
322.642.467-07;Augusto;false;8812
061.924.316-38;João;false;8341
460.147.933-46;Denise;true;2941
030.275.526-85;Maria;false;5930
778.217.260-71;Alberto;false;5042
333.633.442-85;José;true;43
635.132.033-12;João;true;4217
791.634.342-68;Denise;false;3648
166.164.973-07;Marcela;true;9641
226.783.601-08;Augusto;false;9883
895.128.282-11;Denise;false;7745
167.794.165-22;Augusto;true;8459
694.476.983-54;José;true;9038
616.642.138-74;Maria;false;7173
485.262.938-93;Denise;false;6963
816.732.662-38;Alberto;true;404
537.673.472-58;José;true;1071
876.283.280-56;Maria;true;4209
061.356.269-41;Denise;true;9168
050.139.523-32;Denise;false;6066
089.117.008-48;Maria;true;7955
074.419.604-05;João;false;6592
310.002.031-45;Marcela;true;2254
388.768.526-00;João;false;9046
686.012.580-66;Maria;true;3627
937.520.057-68;Denise;false;3465
583.716.811-39;Marcela;false;4254
280.313.856-97;Marcela;true;9661
577.892.992-52;Alberto;true;473
175.767.774-50;José;false;3141
671.240.258-96;Marcela;true;1267
266.060.862-47;Marcela;false;8497
785.570.655-87;Denise;false;7963
406.645.963-70;Denise;true;3330
259.804.395-04;Marcela;true;8734
549.734.863-02;Augusto;false;3381
861.036.611-87;Augusto;true;3026
046.864.133-75;João;false;2710
645.620.349-86;Augusto;false;1338
085.129.585-89;Marcela;true;7379
093.755.127-37;Denise;true;4605
773.261.126-53;João;true;182
301.084.891-28;Marcela;true;1958
218.260.312-53;José;false;3856
417.161.813-16;José;false;9903
534.209.998-67;Augusto;true;6734
770.070.335-60;João;true;6972
972.020.441-93;Alberto;false;4039
901.362.669-07;João;false;5502
699.738.843-88;José;false;8339
897.738.327-14;Maria;false;4593
172.424.716-65;Marcela;false;2303
111.584.678-99;Maria;true;1755
295.097.014-22;Augusto;true;7702
949.757.893-97;Maria;false;9628
442.966.498-41;José;false;2243
256.127.611-25;Marcela;true;1659
374.016.680-32;Marcela;false;4327
017.250.722-47;Augusto;false;8082
905.755.827-63;Maria;true;6378
156.877.408-47;Augusto;true;7278
116.016.605-07;Maria;true;8117
868.248.811-34;João;false;1752
566.825.222-51;Maria;false;241
842.215.036-12;José;false;1294
744.717.166-36;José;true;4753
501.144.016-54;Alberto;false;3249
846.619.576-62;José;true;8210
283.763.173-96;Marcela;false;3401
937.283.881-63;João;false;2058
933.088.053-17;Marcela;true;4020
143.234.787-33;Augusto;true;3189
836.821.900-80;Marcela;false;3413
766.490.125-32;Maria;false;3141
820.251.529-80;José;false;7456
017.843.999-96;Augusto;false;7719
365.567.978-34;Augusto;true;4943
112.169.741-22;Marcela;false;6041
136.355.917-35;Marcela;true;793
526.905.365-99;Alberto;false;5977
782.289.255-24;Marcela;false;4706
707.150.473-71;João;true;7172
557.230.754-58;Maria;true;3818
624.158.526-28;Augusto;false;9157
271.397.540-18;Denise;false;9802
296.027.145-70;Denise;false;9027
586.924.574-13;Alberto;true;7293
476.805.223-08;Maria;true;3480
417.333.018-94;Marcela;false;8556
053.259.078-28;Denise;true;1509
590.093.514-59;João;false;651
729.826.787-37;Alberto;true;6158
364.727.747-65;Maria;false;6583
155.114.463-45;João;false;3447
082.934.354-17;Alberto;true;9076
962.638.480-40;Maria;true;2174
725.115.635-59;João;false;5921
942.984.860-28;Marcela;false;9650
320.238.229-69;Augusto;false;5144
856.096.927-60;Marcela;true;8179
420.323.999-55;Marcela;false;2409
497.340.551-13;José;false;2994
988.349.234-46;Marcela;true;6741
994.040.441-45;Maria;false;5439
406.834.581-54;José;false;4852
585.499.560-16;Alberto;true;7585
157.189.183-54;Denise;false;1775
169.255.547-91;Marcela;true;8311
819.739.118-34;José;false;7005
820.489.630-18;Marcela;false;3719
822.370.509-59;João;true;5034
507.500.444-30;Alberto;false;2942
433.055.734-40;Alberto;false;9086
533.070.209-70;Augusto;true;9447
482.105.434-37;Denise;false;1904
474.917.482-26;Augusto;false;6068
185.772.908-18;Denise;false;6567
188.638.138-94;José;true;2526
318.188.336-09;Denise;false;8370
504.791.054-95;Alberto;false;9069
601.961.089-54;Maria;true;557
796.851.372-00;João;true;7957
101.508.781-34;Augusto;false;8183
293.808.923-61;Augusto;false;2564
597.732.589-84;Alberto;true;1783
147.292.770-70;Augusto;true;6939
620.592.872-56;João;true;261
224.659.234-13;José;true;5243
170.248.325-18;José;false;4439
433.854.262-11;João;true;2490
584.935.094-53;José;false;5215
454.891.155-65;José;false;198
017.601.277-54;José;true;8974
690.763.309-93;João;true;5338
098.268.567-24;José;false;580
271.717.873-07;Augusto;true;7235
039.550.686-83;Augusto;false;8469
473.836.849-14;João;true;3248
253.260.322-15;Alberto;false;3945
478.096.920-59;Marcela;true;7767
621.237.100-81;José;false;1878
284.033.240-82;Denise;true;6498
463.280.159-81;Denise;false;9367
125.352.309-98;Augusto;true;7719
404.234.392-25;José;false;2535
351.111.176-61;Augusto;false;3972
752.413.966-62;Marcela;true;999
102.932.726-33;Maria;false;7981
418.367.494-28;Alberto;true;6446
258.050.280-05;Augusto;true;6753
479.846.870-46;João;true;4806
469.325.552-64;José;false;4208
030.298.863-32;José;true;6137
955.103.412-33;Alberto;true;8479
072.223.824-50;Denise;false;2082
526.994.103-44;Augusto;false;9273
408.805.945-63;Marcela;false;2846
698.680.333-73;João;true;8309
109.701.175-88;Augusto;true;3072
386.920.996-05;José;false;5033
049.251.909-19;Augusto;true;8942
614.814.385-72;Alberto;false;5985
703.658.738-18;José;true;1146
642.593.962-61;Maria;false;9220
250.903.964-50;José;false;5364
861.685.588-27;Augusto;true;7145
877.365.721-21;Marcela;false;2723
891.740.692-23;Marcela;true;561
067.109.419-28;José;false;8420
138.196.430-93;Alberto;true;2143
676.857.020-10;Alberto;false;8251
158.965.634-65;Marcela;true;3707
756.460.883-89;Marcela;false;9889
224.616.975-67;José;false;3817
178.558.178-24;José;false;7235
703.260.720-78;Augusto;true;2521
251.493.771-22;Alberto;false;5590
454.813.386-10;Alberto;true;2182
841.379.498-89;Marcela;false;7205
044.521.537-61;Maria;true;1351
767.777.041-88;João;false;6244
134.689.462-63;Denise;true;8511
781.620.817-14;José;false;2556
913.866.877-95;Maria;true;4456
499.967.380-28;João;false;9591
048.531.991-54;José;true;6351
505.563.048-00;Augusto;false;1981
580.155.323-75;Alberto;false;7148
954.457.866-91;Denise;true;9455
771.567.073-83;Augusto;false;9449
320.831.674-93;Denise;false;5978
279.848.106-52;Alberto;false;3997
291.123.000-45;Alberto;true;1490
589.995.887-69;Maria;false;730
529.799.270-58;José;false;9275
143.097.100-83;Denise;false;9294
827.605.507-61;João;true;7250
114.516.051-65;João;true;5033
862.487.262-46;Denise;false;3097
648.368.164-83;João;true;9986
416.937.740-51;José;true;7739
036.133.380-17;Denise;true;7710
087.984.665-40;Alberto;false;1569
560.915.559-97;João;false;5384
961.405.590-08;José;false;5986
672.043.758-71;Augusto;true;6282
281.495.866-52;João;true;3631
531.473.294-04;Marcela;false;7995
161.760.912-02;José;true;7509
981.612.024-54;José;false;7087
980.124.483-63;José;true;2669
613.112.501-21;João;true;4617
821.839.982-68;José;false;1787
654.260.768-10;Augusto;true;6015
854.214.876-08;Augusto;true;3666
142.307.886-92;João;true;5481
942.716.574-27;Denise;false;4911
522.053.366-96;Maria;true;753
537.594.788-39;Maria;false;3749
870.283.221-85;Marcela;false;5305
546.352.625-32;João;false;9370
032.421.353-67;Augusto;true;4748
457.138.569-14;Augusto;true;4183
138.008.423-20;José;true;1060
805.213.182-54;Denise;false;9391
334.769.030-98;Maria;true;9416
613.385.683-59;Alberto;false;9001
624.749.150-21;João;false;5553
511.583.221-44;Denise;false;6683
329.177.209-89;Denise;false;774
609.571.180-32;Marcela;true;3008
241.816.064-35;Maria;false;9003
533.465.874-10;José;false;8317
823.790.479-90;Marcela;false;9692
951.659.345-93;Denise;true;5529
934.977.717-29;Augusto;true;332
404.950.610-29;João;false;5796
423.192.781-71;José;false;9062
807.700.707-78;Alberto;true;9739
196.594.870-13;João;false;7861
312.672.888-86;Marcela;true;3155
639.072.997-17;Maria;false;3633
828.452.698-16;José;false;7549
605.843.874-27;João;true;6167
351.502.917-56;José;true;2250
757.776.443-51;Maria;false;9264
904.024.198-51;Alberto;true;732
480.343.583-03;Marcela;false;9965
127.830.587-00;Marcela;true;5451
830.481.436-64;Alberto;false;4248
738.693.049-39;Alberto;true;7083
549.902.908-19;João;true;3379
522.515.609-29;Alberto;true;9458
612.468.600-51;Marcela;false;9311
099.127.602-28;José;true;2468
355.326.065-63;Alberto;false;3953
893.737.951-26;Denise;true;2878
744.364.633-08;José;false;4330
110.872.672-23;Marcela;false;2654
892.827.249-65;João;false;6872
026.819.629-43;Maria;true;4605
264.797.741-36;João;true;7666
876.267.340-70;João;false;714
378.710.043-85;João;false;462
325.475.952-59;João;true;8782
774.362.235-17;Marcela;true;8798
391.097.667-69;Augusto;true;6045
705.810.707-14;Denise;true;6015
063.567.676-01;Maria;false;9299
613.322.992-21;Alberto;true;3243
864.176.528-27;João;true;2757
565.233.831-15;Marcela;true;4697
301.749.579-46;Alberto;false;1242
798.013.859-95;Marcela;false;9935
154.666.724-14;João;true;6785
612.864.402-78;José;true;7764
824.494.316-48;Denise;true;4600
713.951.853-76;Marcela;true;309
214.526.957-87;João;false;1102
815.212.403-53;Alberto;false;8234
608.759.145-01;João;true;2122
529.457.306-45;Maria;false;5923
889.612.270-96;Denise;false;8821
754.112.828-36;Maria;false;6926
838.221.858-77;Augusto;false;6401
261.584.997-15;Denise;false;1547
277.188.252-57;Marcela;false;4757
696.520.903-78;Maria;true;5018
558.773.040-35;Maria;false;3651
857.611.440-59;Alberto;false;9503
550.668.003-20;José;true;9334
091.774.903-18;Denise;false;3404
918.678.322-25;Marcela;true;2445
530.427.168-48;Denise;false;7989
643.566.833-42;Alberto;false;3460
417.391.678-51;Marcela;true;5480
833.985.558-23;Alberto;false;1887
528.522.901-25;José;false;1944
022.808.811-70;Marcela;false;540
799.732.810-51;Marcela;true;3683
202.025.471-05;Marcela;false;873
019.249.026-72;Augusto;false;6917
151.912.064-05;João;true;6826
794.923.308-80;Marcela;true;3518
091.761.020-30;Denise;true;3214
499.169.866-16;João;true;8964
191.841.596-25;Marcela;true;3202
756.873.248-95;Denise;false;2018
332.361.060-48;Denise;false;8561
236.960.706-84;Marcela;true;4544
222.660.579-64;Denise;true;5417
846.625.325-20;Denise;false;8913
759.417.930-38;Denise;true;6173
265.314.255-90;Denise;true;8542
677.966.893-96;Marcela;true;8903
534.643.112-03;José;true;6000
854.482.390-19;Alberto;false;1553
129.732.053-06;José;false;2882
256.498.214-76;Augusto;false;8997
852.516.533-82;Denise;true;9360
508.997.755-48;Alberto;false;6300
782.521.089-66;João;true;2005
557.077.396-68;Maria;false;9438
886.850.893-33;Marcela;true;5962
800.560.660-96;Augusto;false;6707
246.716.613-87;João;false;3378
250.292.227-93;Alberto;true;981
627.779.796-72;Alberto;false;7794
612.067.355-14;Alberto;true;450
652.563.685-16;João;false;4266
042.922.279-54;Marcela;false;1348
322.652.833-80;Alberto;true;6738
974.195.387-59;Maria;true;2357
105.340.852-80;João;true;8734
683.999.065-31;Maria;true;7292
032.780.017-58;Augusto;false;5161
570.811.725-56;Marcela;false;4011
882.407.948-22;Denise;true;8070
894.828.229-36;Denise;true;1112
849.060.890-47;Alberto;true;5277
996.249.029-68;Marcela;true;4697
379.970.080-07;João;true;2463
438.969.529-45;Augusto;false;1883
082.627.391-15;Denise;false;2131
961.815.117-90;João;true;2774
627.736.288-50;João;true;9936
430.942.344-99;Marcela;true;6302
083.127.450-69;Denise;false;2550
673.929.956-04;Alberto;true;7707
045.545.178-00;José;false;2824
346.555.580-44;Maria;true;8775
187.928.196-31;Alberto;true;3336
105.987.723-78;Alberto;true;5880
673.562.052-87;Denise;false;3761
527.060.068-90;Maria;false;5355
956.660.124-89;Denise;true;519
455.289.176-88;Maria;true;1265
311.871.964-81;Alberto;false;5710
212.711.609-77;José;false;5887
488.748.627-59;Maria;true;6222
07.987.247-45;Denise;false;7529
843.080.942-29;Maria;true;3924
08.779.419-24;Denise;false;3523
898.983.568-45;Augusto;true;8255
368.738.273-37;Maria;true;6575
230.157.695-00;João;true;8968
486.114.233-10;Maria;false;5583
348.652.756-76;Maria;true;2128
436.618.472-31;Maria;true;8763
859.786.338-86;João;false;8545
811.568.246-52;Marcela;false;6336
088.573.764-96;João;true;8195
217.333.941-98;Denise;false;10
805.222.550-43;Augusto;false;8514
783.688.185-74;João;true;2246
458.322.870-17;Denise;false;3130
938.227.565-25;Alberto;true;5938
925.942.430-27;João;true;3802
864.457.418-29;Maria;true;9067
149.170.958-74;João;false;9742
701.502.554-87;Alberto;true;440
940.542.514-86;Maria;true;5317
842.359.919-97;Alberto;false;979
237.392.795-16;Maria;true;8949
520.040.128-02;João;true;5163
719.610.036-07;José;true;8057
876.656.141-79;Marcela;true;4863
306.014.116-47;Maria;true;8040
775.134.619-80;Alberto;true;2507
407.854.575-19;Maria;true;590
270.916.679-37;Maria;true;277
782.967.821-65;Maria;true;7230
590.834.839-53;Augusto;true;3713
064.373.550-85;Denise;false;7974
150.590.087-27;Maria;false;9917
284.234.624-72;Maria;true;9962
849.061.439-30;Marcela;false;4562
542.121.527-00;Maria;true;9687
603.610.735-71;Maria;true;5034
169.576.460-07;Maria;false;1004
849.368.352-93;José;false;165
866.707.686-14;Maria;false;3146
317.147.773-74;Maria;false;6136
162.692.868-16;Augusto;false;2991
089.250.560-06;João;true;9656
382.448.752-26;Alberto;false;9840
892.638.473-88;Alberto;false;419
528.031.826-02;José;true;642
510.045.242-63;Marcela;true;1649
044.408.612-52;Denise;false;4799
162.715.486-84;Denise;false;4068
739.471.153-14;José;true;8569
491.897.915-63;José;false;257
457.530.383-86;Denise;true;5415
534.142.021-41;Maria;false;9898
137.119.232-62;Denise;false;2599
248.396.124-65;José;false;3237
842.933.303-58;Marcela;false;9442
145.877.808-91;Augusto;true;2563
303.089.775-56;Augusto;true;3663
404.204.144-02;Denise;true;7198
783.922.395-43;Denise;true;9293
251.384.161-96;Alberto;true;8891
432.101.809-30;Augusto;false;4678
110.407.163-16;Denise;false;3659
454.730.917-55;Marcela;true;7043
578.108.663-44;Denise;false;5222
472.988.373-31;Augusto;false;7050
323.045.622-28;João;false;9450
509.808.646-48;Denise;true;5810
412.350.700-60;Denise;true;164
538.389.421-24;Alberto;true;7598
524.776.193-82;João;true;8189
171.566.329-71;Marcela;false;4749
362.706.246-90;Maria;false;3925
665.795.513-48;Denise;true;5847
925.613.984-08;Alberto;false;6139
616.881.987-00;Denise;true;6501
953.096.531-49;João;true;6210
714.628.293-11;Denise;true;4898
936.402.249-97;Denise;false;8250
339.067.204-46;Denise;false;319
724.759.569-90;Augusto;true;5063
985.286.650-55;Alberto;true;1661
996.645.198-49;Maria;false;4097
497.971.515-94;Augusto;false;3893
883.231.545-16;Marcela;false;3847
208.724.736-94;Alberto;true;6935
213.888.726-90;Alberto;false;4752
204.671.648-10;Marcela;false;9083
938.808.890-26;Maria;true;8178
197.356.226-37;Alberto;false;3250
984.089.460-50;Maria;true;3607
409.004.149-19;Marcela;false;6464
219.587.363-64;Marcela;true;6395
147.256.296-35;João;false;718
885.685.763-00;Marcela;false;7323
134.022.164-86;Alberto;true;8254
759.433.179-80;Denise;true;9962
469.710.849-00;João;true;3345
723.268.301-75;Alberto;false;5709
371.994.550-07;Maria;true;6421
073.007.075-30;Augusto;false;8182
516.614.273-02;Alberto;true;2882
286.114.043-42;João;true;5208
105.302.858-60;José;true;4980
640.019.471-08;Denise;false;1964
907.435.778-04;Maria;false;9424
444.259.418-64;José;false;8096
389.516.597-45;Augusto;true;347
641.234.832-92;João;true;2526
718.347.399-28;Marcela;false;5478
652.725.215-41;Augusto;true;9965
028.401.332-88;Alberto;false;6092
575.101.948-88;Alberto;false;8921
101.015.422-13;Denise;false;9784
479.885.353-10;Maria;false;4100
735.499.541-94;José;true;5348
829.195.664-96;Augusto;true;5749
359.437.470-02;João;false;7374
906.741.496-24;João;false;6418
06.992.874-57;Augusto;false;8031
772.497.056-31;Maria;false;6043
518.114.497-60;José;false;6471
562.859.849-51;João;false;2387
904.765.428-21;Augusto;true;9025
923.346.915-89;Marcela;true;6297
573.101.172-06;Denise;false;8815
125.808.854-18;Augusto;true;8179
092.127.635-75;João;true;2697
299.193.611-23;José;true;6969
186.683.303-48;Denise;false;2037
158.028.499-22;João;false;5129
903.443.880-61;Marcela;true;9089
598.270.431-25;João;false;5281
080.644.377-03;Maria;false;9592
343.850.430-67;José;false;5954
663.956.901-77;Augusto;true;4835
994.398.247-51;Augusto;false;5828
463.235.990-43;Denise;false;2604
912.166.685-45;José;true;1917
397.232.332-32;Marcela;false;8487
656.073.333-68;José;true;5961
650.335.453-37;Augusto;true;3523
992.845.021-47;João;true;1743
228.369.746-03;Marcela;true;458
974.633.562-70;Marcela;false;3778
310.405.361-46;Marcela;true;4709
373.915.685-46;José;true;3046
706.863.152-62;Maria;true;6890
780.735.570-34;João;true;4966
164.244.381-30;Maria;true;1216
492.186.918-79;Alberto;false;2273
422.097.578-33;José;false;1737
238.490.884-76;João;true;1765
121.134.824-41;José;false;1644
723.110.831-44;João;true;5129
592.781.941-05;João;false;6464
211.993.425-13;João;true;5965
997.509.414-69;Alberto;true;508
732.794.001-79;Augusto;true;4189
631.870.756-18;Maria;true;1432
472.561.715-89;Alberto;true;350
543.054.189-32;João;true;238
428.851.245-51;Denise;false;2089
687.349.898-55;João;true;2292
111.037.066-11;Marcela;true;1079
388.809.622-63;Augusto;true;3512
536.556.412-38;Marcela;false;1605
420.620.648-59;Maria;false;7914
364.047.960-90;Denise;true;7482
366.442.007-58;Alberto;false;6960
830.927.154-96;José;true;9082
773.532.093-69;João;true;1279
883.945.279-48;Denise;true;6774
421.517.567-44;Marcela;false;4278
661.128.541-54;Marcela;false;8653
080.500.960-93;Maria;false;5732
460.992.662-99;Maria;true;8649
914.776.244-85;Alberto;false;6399
412.838.368-14;Denise;false;6567
053.508.351-12;Alberto;false;1598
875.251.922-55;Denise;false;2222
454.271.463-52;José;false;907
078.842.318-89;João;false;9635
019.434.706-28;Alberto;true;2613
116.312.200-74;Marcela;false;628
982.674.794-66;Marcela;true;6718
545.440.161-55;Denise;true;2806
185.613.996-29;Alberto;false;7424
327.976.638-50;José;true;8510
393.027.192-80;Augusto;true;6365
495.117.145-13;João;true;9602
112.197.011-99;João;false;4593
855.811.325-17;Marcela;false;8107
994.473.315-81;Marcela;true;5382
515.639.872-95;Augusto;true;4618
985.971.078-62;João;false;5359
506.045.388-62;Augusto;false;2695
680.857.570-95;Marcela;true;2390
095.948.564-57;Denise;true;4832
403.958.817-55;João;false;6182
940.740.956-85;João;false;1221
784.740.261-28;José;true;1787
303.930.768-65;Alberto;false;7602
824.009.089-47;Marcela;false;8658
265.359.233-88;Augusto;false;8891
517.584.017-93;Maria;true;2467
03.315.907-86;Alberto;true;477
584.622.233-71;Maria;false;751
556.608.751-74;Denise;false;8849
861.142.219-09;Denise;false;3122
546.650.536-49;Augusto;false;5784
192.840.660-59;Denise;true;8717
342.684.593-14;José;false;6442
451.142.495-47;Alberto;false;4860
03.575.429-92;Maria;true;1327
667.238.801-58;Alberto;true;8468
517.364.739-84;Maria;false;54
534.089.052-61;Maria;true;1004
740.022.708-78;Denise;false;3539
040.854.475-52;Maria;false;7179
054.611.651-21;Augusto;true;265
058.655.475-97;Alberto;true;2052
732.262.120-78;Augusto;true;6377
576.796.935-08;Augusto;true;9797
981.822.136-76;José;false;3330
719.764.213-45;Augusto;true;7961
926.191.927-16;Denise;false;4531
831.699.287-41;José;true;1905
526.695.446-56;Augusto;true;8310
074.972.681-15;Maria;false;6863
745.368.224-52;João;true;6043
478.709.950-28;Maria;true;1459
944.116.649-44;Alberto;true;3424
679.997.562-80;Alberto;true;6846
197.700.903-37;Denise;true;7295
396.728.933-58;Denise;false;7358
777.596.189-24;Augusto;true;6302
067.287.828-96;João;true;8883
736.275.559-64;Alberto;true;6015
888.493.561-03;Denise;true;9886
783.418.312-27;Alberto;false;9117
584.124.013-31;Denise;true;5949
677.351.981-21;João;false;8831
185.659.897-31;Maria;true;2611
601.566.684-60;Alberto;true;5092
621.933.150-96;José;false;1218
191.450.956-16;Marcela;false;309
456.873.920-97;Alberto;true;2828
102.299.687-00;Denise;false;9729
695.191.547-04;Denise;true;5314
918.397.982-50;Alberto;false;8526
560.945.533-17;Marcela;false;5950
049.774.770-26;João;false;4522
339.331.753-28;Alberto;false;4723
784.235.994-84;Alberto;true;588
735.043.211-68;José;true;9146
062.352.098-35;Maria;true;8858
340.725.186-68;Maria;true;943
165.113.390-07;Denise;false;1015
503.025.249-88;João;false;5860
841.958.725-80;João;true;3230
967.085.507-69;João;false;6082
645.422.889-92;Marcela;false;3570
904.977.283-33;Alberto;false;1087
236.917.333-33;Alberto;true;5572
249.646.212-97;João;false;9033
193.739.844-25;José;true;2556
681.036.038-27;Marcela;false;942
434.527.788-93;Maria;false;7751
200.925.034-98;Marcela;false;4447
231.606.396-40;Marcela;false;5044
03.172.511-15;Alberto;true;1176
023.118.265-42;Augusto;true;7301
913.857.545-07;João;true;4448
103.142.733-89;José;true;5997
953.136.442-62;Maria;false;1935
569.036.937-80;Augusto;true;9554
873.515.196-95;João;false;8918
435.947.396-52;Maria;true;6741
221.473.403-03;Marcela;false;9202
469.752.742-35;Maria;false;234
784.058.068-87;Augusto;false;6030
195.291.009-33;João;false;8351
772.759.557-26;José;true;4303
245.153.755-08;Maria;false;9923
414.487.208-81;Augusto;false;2895
109.896.103-53;Marcela;true;5827
146.057.720-89;Marcela;true;9000
402.551.138-41;Marcela;true;1784
535.757.256-19;Alberto;true;4778
951.078.265-18;Denise;true;5134
354.584.104-32;Augusto;true;3399
233.056.677-49;João;false;5661
470.818.696-20;José;false;5894
125.615.176-28;Maria;false;8375
242.645.385-18;Augusto;false;5811
193.786.600-00;Maria;true;8922
543.480.918-26;José;true;9981
574.444.511-20;Alberto;false;9520
408.972.226-77;Marcela;true;8873
327.967.242-63;João;false;2942
376.590.397-53;Alberto;true;608
517.891.647-42;Maria;true;1120
173.713.732-51;Maria;false;3007
620.878.908-35;João;true;8903
181.844.396-21;Alberto;true;5613
896.299.084-16;Augusto;false;4872
449.434.136-76;Maria;true;8552
801.789.310-23;Alberto;false;8815
235.338.613-10;Augusto;true;7979
391.727.368-96;Maria;true;6131
570.863.038-73;Augusto;false;8928
860.197.602-35;Augusto;false;3688
300.085.192-82;Maria;false;9957
657.166.953-56;Augusto;false;8659
364.534.741-15;Denise;false;3621
116.734.274-19;João;false;2971
258.050.360-46;José;false;942
02.880.480-63;Maria;true;7938
112.817.593-53;Marcela;false;2283
269.572.402-02;João;false;9343
387.177.164-27;Augusto;true;4528
789.266.587-62;Alberto;true;9219
171.615.551-98;José;false;6196
228.496.479-79;João;false;6751
448.111.324-72;Marcela;true;7700
817.168.114-69;João;true;927
788.768.667-96;Denise;true;9540
755.307.458-76;Maria;true;5814
818.077.967-18;José;false;5191
835.412.628-25;Maria;true;1144
705.838.491-10;Marcela;false;4306
703.407.914-86;João;false;1097
211.925.049-65;João;false;4296
140.601.576-87;Augusto;true;9014
374.060.330-15;Maria;false;8236
543.117.994-47;Denise;true;8385
133.576.338-46;Alberto;true;2914
753.071.468-94;Alberto;false;5101
679.819.606-97;Maria;true;3219
784.788.002-74;Marcela;true;152
706.565.005-85;Denise;true;418
820.190.354-89;José;true;9385
655.277.704-01;João;false;1640
767.712.001-16;Alberto;true;8596
956.640.406-08;Denise;false;6310
120.173.432-63;João;true;1284
083.703.302-54;Denise;false;9979
333.939.404-01;José;false;4996
07.438.523-14;João;false;2813
335.991.036-11;José;false;2090
528.142.245-20;José;true;6424
143.331.468-11;Maria;false;4082
447.666.381-38;Denise;false;8035
633.436.505-62;Maria;true;1687
196.185.455-99;Maria;true;2760
470.091.164-87;Alberto;true;5763
465.272.225-32;Augusto;true;7526
08.093.412-23;Maria;true;9853
039.555.753-96;Alberto;true;6413
268.945.286-92;João;true;7855
825.361.890-00;Marcela;true;5566
704.190.047-73;João;false;7124
277.880.027-49;Augusto;true;7968
702.362.458-83;José;false;9421
991.896.681-02;João;true;337
783.738.144-06;João;true;7319
554.994.009-35;Marcela;true;6292
506.285.586-24;Marcela;true;925
995.492.469-74;Maria;false;3816
585.686.146-53;Denise;false;3639
332.014.428-29;José;true;916
797.358.997-87;João;true;682
309.887.595-54;Alberto;true;5176
586.627.751-01;João;true;1076
161.901.621-98;Maria;true;1530
479.216.031-44;Alberto;false;5020
297.654.149-04;Augusto;true;5828
318.756.582-02;Alberto;false;8019
367.599.020-08;João;true;7834
777.709.468-61;João;false;1003
325.186.701-04;Augusto;false;8869
126.113.490-29;Alberto;false;2233
828.260.513-96;Maria;true;3905
236.560.661-32;José;false;8785
072.483.867-75;Alberto;true;2170
461.929.494-25;José;false;6471
059.165.022-51;Denise;false;3151
524.051.959-43;Marcela;false;8108
738.164.389-21;Denise;false;522
285.128.533-45;Maria;false;8235
606.064.617-43;Alberto;false;9949
491.707.095-08;Augusto;true;5914
877.492.522-61;Maria;false;4063
672.896.589-16;Maria;false;6860
862.027.314-70;Augusto;true;2280
409.045.827-13;Marcela;false;201
411.033.523-21;Alberto;false;1265
882.157.670-69;João;true;6212
372.974.479-03;José;false;4567
906.923.855-86;José;true;3529
152.767.366-71;Maria;true;1656
407.875.432-62;Denise;false;6845
085.957.465-08;José;false;5106
683.575.120-00;Denise;true;1360
888.847.429-13;João;true;6596
418.196.127-86;Marcela;true;9570
979.228.375-26;Maria;true;7321
731.259.203-71;Augusto;true;6084
227.976.251-03;Alberto;true;1600
288.615.632-64;José;true;4487
340.942.127-43;José;true;8063
528.427.817-83;Marcela;true;9343
841.906.069-69;Alberto;true;4026
729.016.293-74;Marcela;false;3597
192.529.176-30;Denise;true;9278
456.413.612-88;José;true;8419
982.687.042-06;João;true;3732
980.188.261-42;Maria;false;939
644.144.238-04;Maria;false;6814
048.675.338-34;José;true;9051
397.845.353-34;Alberto;false;2552
437.619.233-52;José;false;1915
116.333.155-49;Marcela;false;4547
559.510.118-45;Denise;true;1130
947.375.711-98;Alberto;true;2206
370.342.971-44;Alberto;true;7432
257.807.538-60;Denise;true;4238
095.092.834-05;Marcela;false;9172
167.181.645-79;Denise;false;9821
279.664.529-79;Maria;false;5877
02.866.813-14;Alberto;false;5909
859.367.758-38;Augusto;true;301
471.169.495-80;Marcela;true;8365
674.251.777-01;Augusto;false;8412
217.370.737-58;João;true;6553
630.846.124-14;Augusto;true;7119
972.143.112-60;Maria;false;3306
250.705.941-61;Alberto;true;7876
088.380.072-11;João;true;1145
753.891.939-77;Maria;false;2577
393.820.169-28;João;true;5861
948.360.365-19;João;true;6971
694.432.867-30;Augusto;false;2178
798.371.905-96;Denise;false;4751
884.812.351-78;Alberto;true;6330
875.489.353-09;Maria;true;9448
444.318.324-64;José;true;6058
918.574.205-78;Denise;false;8570
857.164.290-19;Maria;true;4109
618.670.923-90;Maria;false;1647
037.787.607-17;Marcela;false;9117
027.496.653-99;João;false;1202
388.180.549-82;Augusto;false;5967
01.060.799-01;Denise;false;6519
549.777.616-18;João;false;7174
578.235.853-32;José;false;1208
644.308.195-53;José;true;7015
553.189.491-43;João;false;2435
393.632.831-48;João;true;5226
714.026.571-02;Maria;false;7982
243.341.915-91;Maria;true;9774
623.528.713-35;João;true;69
237.174.284-34;João;true;4090
197.870.955-28;José;true;7936
327.283.194-72;Marcela;false;8499
242.082.577-51;Maria;false;9225
039.752.464-23;João;true;2743
518.903.884-13;Alberto;false;7876
794.666.381-88;João;false;9157
725.987.149-99;Alberto;false;9907
843.357.147-54;Alberto;false;7900
408.964.228-38;Maria;true;4447
786.480.429-11;Marcela;true;4074
665.507.204-93;Maria;false;9855
182.759.011-75;Maria;true;9676
211.458.709-18;José;false;983
532.083.382-34;João;true;2893
660.529.423-99;Alberto;false;7996
850.415.011-59;Alberto;false;1885
798.927.694-59;Alberto;true;5976
151.496.382-20;Maria;true;4426
684.380.641-92;João;true;4651
784.372.020-90;Maria;false;3976
107.343.809-50;Alberto;true;5283
872.084.594-49;Marcela;true;3531
957.145.485-86;João;true;2304
382.166.265-28;Augusto;true;418
710.142.227-61;João;false;3078
341.131.315-89;Alberto;true;1529
675.425.515-08;Marcela;false;9623
783.385.150-62;Augusto;false;2179
961.559.176-26;José;false;7433
982.131.254-79;José;false;1300
080.087.233-37;Augusto;true;148
788.523.024-81;João;false;7013
602.520.327-81;Denise;true;8528
585.625.787-71;José;true;6026
771.722.728-09;Maria;false;5949
587.374.874-34;Augusto;false;3372
521.328.361-20;Maria;true;2557
303.175.065-74;Denise;false;7232
384.501.983-90;Denise;false;9571
447.340.326-81;Augusto;false;2593
387.552.689-79;Augusto;false;8932
835.953.772-08;Marcela;true;7228
191.979.995-63;João;true;1870
239.770.439-92;José;false;2694
109.421.908-52;José;false;5264
729.444.022-46;Maria;true;5755
296.753.927-16;Alberto;false;3185
829.646.599-47;João;false;3499
337.931.147-21;Denise;true;4353
024.598.368-91;Maria;false;9873
691.894.753-20;Marcela;false;6690
893.631.053-36;Augusto;false;9014
965.477.921-41;Augusto;true;8077
229.440.483-12;Maria;false;3142
483.089.000-42;Maria;true;3001
930.887.760-64;Marcela;true;353
339.910.334-09;Denise;true;4523
273.715.638-77;Marcela;false;4940
798.059.473-21;Maria;true;8296
236.063.286-96;Denise;true;7158
426.946.635-14;Marcela;false;8023
152.114.841-38;José;true;2848
235.984.444-42;Marcela;false;3555
950.035.787-14;João;false;9092
547.996.589-13;João;false;7531
0.893.757-73;Alberto;true;4117
471.405.856-66;Alberto;false;8007
203.795.269-86;Augusto;false;672
184.445.104-24;José;true;7716
550.570.617-86;Alberto;true;7859
222.865.410-11;Marcela;true;7908
931.344.033-56;João;false;2860
723.186.044-98;Marcela;true;8438
697.767.431-01;João;true;5253
485.690.774-05;Maria;true;9402
649.621.810-56;Maria;false;7556
439.851.450-65;Alberto;true;6182
104.178.900-79;Marcela;true;9797
617.610.216-92;Alberto;false;9657
497.219.793-10;João;true;4309
787.045.980-52;João;true;9454
682.625.517-90;Marcela;true;4819
579.980.931-77;Marcela;true;2027
022.842.113-79;Maria;false;6546
906.515.396-88;Marcela;false;6539
749.854.862-30;Marcela;false;5778
099.563.527-10;José;true;4106
523.128.173-99;Maria;true;2810
477.537.160-06;Denise;false;4475
433.563.000-50;João;true;5910
942.627.886-77;José;true;2392
173.506.819-17;Denise;false;7416
206.781.550-17;Denise;false;3154
851.577.307-78;João;true;7969
554.727.754-40;Augusto;false;4400
075.388.894-91;Marcela;false;4159
571.445.563-93;João;true;3107
893.281.549-30;Marcela;false;4346
889.177.032-80;José;true;3151
226.101.887-25;Alberto;true;581
163.729.387-93;Alberto;true;5357
069.902.494-09;Maria;true;4129
575.195.799-56;Alberto;true;9642
301.249.775-64;Augusto;false;9511
267.577.290-65;Augusto;false;5417
425.312.986-14;Maria;true;2329
273.732.575-07;Marcela;false;640
958.962.076-72;Alberto;false;9578
760.612.107-39;Alberto;true;6048
647.623.499-53;José;false;2428
579.959.816-72;Augusto;false;4180
870.038.285-72;José;false;6943
717.257.556-71;Augusto;false;8104
831.277.202-29;Augusto;false;983
887.483.469-41;João;true;3310
913.993.034-91;Denise;true;4544
326.700.976-18;Maria;true;5386
158.753.052-33;João;true;6539
705.117.167-90;José;false;9655
047.558.474-54;Marcela;false;8510
029.465.375-09;Denise;false;9969
137.476.488-48;Alberto;false;5028
773.999.045-65;José;false;1820
476.881.138-32;Marcela;true;2685
160.324.772-15;Marcela;true;8749
485.584.386-48;João;true;8448
531.413.242-15;Augusto;true;7707
669.890.695-93;Denise;true;9127
870.908.128-26;Alberto;true;7020
02.383.705-66;Alberto;true;7520
676.738.272-08;Marcela;false;5910
401.271.551-69;Denise;false;6056
871.158.820-99;Maria;true;9969
458.435.661-17;Marcela;true;1978
430.434.528-70;João;true;7309
686.962.431-65;Marcela;true;9658
023.154.127-77;Augusto;false;7537
499.538.834-04;Maria;true;148
766.484.819-56;Augusto;true;6484
322.603.373-55;Augusto;false;8982
493.183.216-78;Denise;true;2386
616.219.277-44;Alberto;true;7983
319.312.977-14;João;false;9772
915.352.391-29;Augusto;false;9279
207.740.156-98;José;false;637
502.339.242-69;João;true;6064
122.583.265-13;Marcela;false;3080
761.249.558-39;José;true;5100
626.586.851-70;Denise;false;6853
141.540.042-92;Denise;false;7369
087.499.438-32;Augusto;true;8269
050.620.882-85;Alberto;false;3517
488.363.933-60;José;true;2163
652.845.145-62;Denise;true;6915
126.627.794-22;José;true;9902
742.671.885-66;Denise;true;6562
515.517.992-40;Maria;true;8404
237.574.688-90;José;false;2460
569.405.144-53;Marcela;false;9838
156.339.651-82;Denise;false;8544
835.218.384-61;Maria;true;1195
526.997.981-79;Augusto;false;7823
279.595.612-99;Augusto;false;6724
608.930.991-16;Marcela;true;2866
059.186.515-38;João;true;8395
053.496.173-32;Augusto;true;525
547.518.595-90;João;false;4680
068.310.501-29;Marcela;true;5153
209.318.360-66;Maria;true;5819
620.489.890-28;José;true;9262
584.412.435-17;Maria;false;6303
965.685.596-56;Alberto;true;5572
652.036.195-01;Maria;false;831
198.694.174-88;Marcela;false;2878
272.063.410-17;José;true;8128
928.331.229-33;Maria;false;1192
305.304.773-30;Marcela;false;6171
776.803.752-01;Denise;true;7385
718.146.066-88;Denise;true;8960
025.294.881-14;Denise;true;2447
311.075.893-26;Maria;true;7867
436.231.610-08;Denise;false;1194
419.860.100-92;João;true;4706
998.935.373-44;Denise;false;527
984.228.612-16;José;true;592
497.269.003-90;Denise;true;7395
123.234.025-10;José;false;7824
029.613.461-70;Alberto;true;2929
147.202.090-69;Alberto;true;5755
04.563.033-49;Maria;false;6055
520.427.570-71;Maria;true;4035
342.124.928-94;Maria;false;780
790.064.971-07;Alberto;true;7536
937.977.588-68;Alberto;false;6586
05.055.933-26;Marcela;false;7020
350.135.094-95;Marcela;true;161
224.168.808-98;Marcela;true;4899
301.935.946-63;Alberto;false;264
659.114.016-52;José;true;3811
568.484.863-41;Denise;true;9092
777.292.796-48;Alberto;true;7703
898.295.479-75;José;true;4411
466.198.078-98;Maria;false;3914
092.124.490-97;Augusto;true;2697
935.007.702-18;Maria;true;2119
832.050.224-37;José;false;4734
388.045.428-90;Alberto;true;7300
312.517.211-75;Alberto;false;2414
622.125.245-73;Marcela;true;3600
553.748.155-46;Augusto;true;2781
260.123.336-12;Marcela;false;5381
396.655.778-88;Marcela;false;6051
471.284.346-60;Denise;false;1307
449.449.348-44;Maria;false;7502
784.178.998-17;Marcela;true;4150
643.718.557-21;Marcela;true;2695
788.377.975-53;Augusto;true;7811
699.127.635-71;João;true;6763
367.318.562-67;Marcela;true;7825
055.211.006-81;Augusto;false;8375
381.988.899-67;Alberto;false;7988
063.108.564-87;João;true;19
859.657.050-86;João;true;5036
409.528.943-27;José;true;4133
538.358.167-34;João;true;9433
033.473.137-41;Alberto;true;6894
821.305.198-01;Denise;true;4324
122.257.292-60;Augusto;true;8392
846.404.465-20;Augusto;false;3595
974.545.592-64;Maria;true;4251
601.167.469-24;Maria;true;1735
029.374.319-70;José;false;1854
061.894.496-31;Augusto;true;7480
857.897.141-66;Marcela;false;2874
207.380.619-15;Maria;false;6628
191.758.981-72;Maria;true;4940
316.480.521-17;Maria;true;1333
432.706.271-87;Maria;false;8666
615.173.881-09;Augusto;true;1352
635.658.659-28;José;false;2031
941.345.406-26;Maria;false;3316
901.771.543-09;João;true;7915
228.929.542-35;José;true;2953
834.783.958-38;João;true;5877
059.214.115-64;Alberto;true;6167
015.356.564-11;Denise;false;5167
994.037.090-56;Maria;false;4976
925.086.967-54;João;false;7260
678.580.753-13;Alberto;false;4916
920.812.820-38;João;true;5125
798.314.839-17;João;false;1496
602.502.560-20;Denise;false;6708
954.066.580-27;João;true;5225
702.233.315-15;Marcela;false;4359
405.189.177-02;José;true;2011
070.833.025-29;Marcela;true;8330
593.567.957-45;Denise;false;2698
556.739.743-97;João;false;7085
589.231.381-63;Maria;true;4600
010.135.334-66;João;false;9658
351.914.535-03;Maria;true;8740
110.817.011-26;Augusto;true;786
489.901.509-05;Augusto;true;6014
533.303.145-42;José;true;7454
457.749.666-75;Augusto;true;5450
105.405.798-81;Maria;true;8330
841.761.867-52;Marcela;false;5340
963.737.308-70;Alberto;true;8782
647.157.434-91;Maria;false;7760
623.891.183-98;Denise;false;3015
218.691.670-20;João;true;7674
764.526.318-09;Marcela;true;7114
679.672.176-46;Marcela;true;8616
597.372.179-36;Marcela;true;3791
639.174.274-34;José;false;7960
070.810.696-61;Alberto;true;4665
971.027.306-68;Maria;false;2439
177.711.662-79;Maria;true;939
678.515.140-33;Augusto;false;2106
524.685.787-79;Maria;false;9779
834.011.618-32;Denise;true;2129
855.818.697-30;José;false;6721
766.672.754-40;Maria;false;3351
166.184.467-71;João;false;2493
601.660.397-62;José;true;2480
020.827.088-18;Denise;false;2820
024.544.622-99;Augusto;false;8800
366.246.066-78;Denise;true;736
406.824.780-60;João;false;4759
235.023.533-85;Marcela;false;1744
046.424.473-21;João;true;2681
888.752.115-94;Augusto;false;6141
428.313.969-60;Marcela;true;1651
787.368.134-77;Maria;false;6604
386.023.533-62;Marcela;true;4705
169.309.539-77;Augusto;false;7785
136.561.322-29;Maria;false;4511
527.758.094-73;João;true;525
08.102.382-01;Augusto;true;2511
651.764.413-06;Marcela;false;674
864.303.732-44;João;false;4015
913.695.432-09;José;true;2459
432.387.992-67;Marcela;true;3694
385.351.197-39;Denise;true;1277
251.401.186-35;José;false;4806
113.483.748-71;Maria;true;1815
989.093.279-44;Marcela;true;9187
839.316.424-86;Augusto;true;184
722.210.789-66;Marcela;false;3663
583.826.993-99;Marcela;true;2649
074.536.950-72;Maria;false;5870
032.371.510-93;João;true;411
430.211.088-39;Maria;false;8140
682.842.092-53;Denise;false;3390
377.194.457-39;Denise;true;3581
421.007.822-36;Alberto;true;3198
850.431.241-21;João;false;9419
927.984.538-62;José;true;5034
061.713.175-25;Augusto;false;5772
697.951.064-07;Maria;false;6558
281.326.650-62;Marcela;true;4320
350.501.627-84;Alberto;true;4461
196.033.087-11;Maria;false;8226
07.458.003-94;Marcela;true;3669
591.450.996-33;Marcela;false;7355
402.505.233-00;Alberto;false;553
532.735.081-94;João;true;448
381.481.865-31;Denise;true;3146
975.781.267-79;João;false;1249
567.620.578-27;Denise;true;7232
718.279.101-79;Denise;false;9573
411.409.900-35;Alberto;false;6191
124.024.608-42;João;true;1210
117.949.813-23;Augusto;false;4109
683.352.338-27;Denise;false;590
715.765.899-20;João;true;4455
764.716.257-61;José;false;1665
012.203.874-05;João;true;1795
246.586.068-68;José;false;9867
719.489.001-43;Augusto;true;4547
826.159.802-44;Denise;true;384
967.923.559-08;José;true;4323
741.443.086-53;Denise;false;3903
603.403.744-81;Alberto;true;9239
535.180.522-97;Alberto;true;9555
141.138.986-61;Augusto;true;7416
543.347.344-52;Denise;false;6565
048.854.676-77;José;true;7728
587.884.618-31;João;true;6467
271.176.034-68;Denise;false;5649
357.450.561-42;José;true;2746
191.396.330-78;João;false;3498
376.291.804-01;Maria;true;9408
259.431.926-35;Denise;false;2945
765.726.933-10;Alberto;false;3743
103.175.791-92;Augusto;true;8126
587.344.725-81;Marcela;true;7032
065.882.365-62;Alberto;false;8071
095.130.798-63;José;true;5868
727.241.852-24;João;false;5858
650.127.680-79;Marcela;false;3041
632.850.766-08;José;false;9769
450.240.440-02;Denise;false;1989
937.368.982-78;Marcela;true;5470
969.329.850-86;Marcela;true;1998
321.405.015-34;Augusto;false;3127
598.670.504-51;Marcela;true;9536
489.794.735-06;Alberto;false;2355
261.805.267-41;Alberto;true;9682
743.701.413-68;Marcela;true;3776
455.051.741-45;Maria;true;5228
513.113.364-98;Maria;false;1372
801.948.479-64;Alberto;true;8534
976.134.812-42;Denise;true;1897
848.601.657-67;Denise;false;7672
331.989.865-32;José;false;1139
496.925.147-18;Marcela;false;5073
969.903.051-96;João;false;8907
703.862.014-51;Maria;true;1044
986.172.283-26;Marcela;false;5515
733.663.876-21;João;false;3684
406.448.375-89;Marcela;true;71
178.742.939-34;Alberto;false;7283
167.667.681-40;Denise;false;1984
825.057.659-88;Maria;true;7780
315.167.514-94;Denise;true;9469
147.642.299-86;Marcela;false;3896
679.857.974-24;José;true;9875
473.441.975-66;João;false;9113
681.364.841-09;João;true;7356
707.241.978-77;João;false;5165
884.535.812-78;Maria;true;6182
658.918.373-64;José;true;3751
656.086.609-27;Denise;true;5249
742.232.784-62;Maria;true;2626
558.673.157-42;Marcela;false;2464
193.446.362-35;Alberto;true;873
832.599.248-98;José;false;5626
894.692.501-90;João;true;1396
064.470.117-35;Denise;true;3671
159.333.317-15;Marcela;true;6296
08.990.542-54;José;false;8660
964.422.832-49;Maria;false;8735
760.808.639-14;Marcela;false;7557
581.675.951-34;Alberto;false;8619
375.577.572-01;Marcela;true;4382
724.946.375-12;João;false;3586
02.546.505-57;Marcela;false;4820
724.488.158-18;Denise;false;515
149.622.586-01;Maria;true;6672
310.844.684-19;Marcela;true;613
301.355.560-27;João;true;1388
912.579.302-74;Alberto;false;3989
762.535.688-64;João;false;9206
497.996.169-92;Marcela;true;756
093.394.755-95;Alberto;false;3635
295.254.464-82;Denise;false;7630
011.297.072-74;Marcela;false;9396
266.085.665-86;Maria;true;5497
928.013.964-84;João;true;9918
556.646.964-28;Denise;false;6883
707.084.675-07;José;true;3443
066.166.428-29;Alberto;false;7358
984.813.745-28;Marcela;false;8728
558.525.042-42;Denise;false;4364
507.004.792-97;Augusto;false;4534
226.240.154-31;João;true;511
580.826.074-63;Alberto;false;99
076.126.183-09;Alberto;true;8591
120.612.722-13;José;true;421
240.756.488-20;Augusto;true;6239
308.809.159-16;João;false;3534
585.177.234-96;Denise;true;2442
629.365.122-42;José;true;1159
365.500.776-35;Marcela;false;6955
784.317.658-52;Marcela;true;9681
671.385.467-59;Marcela;true;4155
846.155.901-89;José;false;8506
286.621.545-15;Augusto;true;8526
684.599.748-84;Alberto;true;1175
059.764.246-92;José;true;2967
888.197.374-63;João;false;4922
278.448.850-16;José;false;7252
737.096.704-70;João;false;6867
275.014.142-69;Maria;false;5809
508.966.549-22;Marcela;false;8336
186.405.829-87;José;true;2548
620.463.044-50;José;false;2918
030.708.171-82;Alberto;true;532
063.800.068-31;Augusto;false;8992
553.897.201-62;Alberto;true;4484
096.793.847-87;Marcela;true;8517
297.076.195-06;José;false;8581
485.413.899-41;Maria;true;6700
690.462.436-82;Maria;false;3784
532.920.948-66;João;true;3193
961.796.314-08;Augusto;false;8005
716.810.667-24;José;true;634
228.939.711-46;João;true;3765
095.028.335-81;José;true;1979
861.600.989-52;Marcela;false;7040
089.584.739-90;Augusto;false;2100
616.689.455-33;Maria;true;2979
503.042.539-44;Augusto;false;3475
451.782.876-61;João;true;6746
325.922.290-97;Marcela;true;5538
800.885.592-45;Maria;false;2591
789.182.697-55;Alberto;false;8835
406.184.332-95;Marcela;true;8026
350.052.258-69;João;false;1028
252.019.526-16;Marcela;false;6920
295.671.882-36;Marcela;true;6973
253.213.335-93;José;false;352
732.354.404-30;Augusto;true;7615
376.783.742-39;Denise;false;2135
156.113.192-21;Maria;true;4651
038.992.581-21;Denise;false;3683
242.850.250-33;Augusto;false;2986
696.346.179-67;Augusto;false;5958
380.702.387-74;Maria;true;9244
333.593.409-83;Alberto;true;3378
165.892.257-54;Augusto;false;7271
186.026.036-97;Maria;false;2980
252.018.173-43;Augusto;true;4937
010.872.489-00;Denise;true;9315
562.754.379-65;José;true;8924
413.224.719-08;Alberto;true;9458
851.613.270-40;José;true;6381
251.312.929-21;Marcela;false;9768
061.020.414-82;Denise;false;9319
809.486.165-09;Alberto;false;3522
648.118.608-67;João;true;7794
959.279.294-26;Augusto;false;5805
164.655.205-29;Augusto;false;7900
866.595.254-51;Augusto;false;5212
548.311.056-69;João;false;36
357.466.228-78;Alberto;true;2382
632.632.610-62;Denise;true;9993
516.560.358-69;José;true;6982
977.714.468-76;José;false;4430
720.069.366-43;Augusto;true;7782
557.139.093-00;Alberto;true;9965
887.108.130-24;Denise;false;2676
013.926.074-09;João;true;6284
532.749.694-81;Alberto;true;3467
550.480.484-46;Maria;true;9724
708.797.440-30;João;true;679
493.748.879-76;Denise;false;2123
417.395.786-77;José;false;1781
433.175.522-14;Marcela;false;63
927.323.063-01;José;false;9684
403.886.369-69;Augusto;false;9144
342.687.996-91;Alberto;true;6420
542.123.573-15;José;true;9282
065.123.158-73;Marcela;true;5462
435.102.105-09;Denise;false;741
861.768.344-06;João;false;2265
902.339.264-30;Augusto;true;6498
979.688.975-20;João;true;7951
514.637.323-13;Augusto;true;7928
357.167.716-23;Maria;true;3213
162.629.540-73;Maria;true;6085
042.918.651-11;Alberto;true;2420
435.402.049-29;Augusto;true;9047
425.359.616-14;Augusto;true;3165
200.500.341-66;João;true;8563
801.966.515-86;Maria;false;6755
319.387.696-59;Denise;false;4256
371.030.207-62;Maria;false;5802
367.034.696-50;Denise;false;3052
306.762.021-83;Denise;true;1706
099.844.357-35;Marcela;false;7118
129.337.390-18;Marcela;true;6679
219.940.863-33;Alberto;true;7767
863.666.188-54;João;true;5694
720.344.064-71;Augusto;true;8401
697.879.279-54;Marcela;true;7474
608.485.171-85;João;false;8231
593.800.633-74;Denise;true;7119
587.818.390-22;Denise;true;7424
548.854.939-34;Denise;false;136
771.846.563-74;Maria;true;3559
055.775.399-93;Denise;true;2277
054.478.989-04;Denise;true;2343
947.027.031-50;Augusto;false;1100
674.190.336-81;João;true;289
904.255.952-27;Maria;true;8706
411.015.011-65;João;true;1373
751.912.430-61;Maria;false;8601
263.599.571-88;Maria;true;9882
249.776.902-51;Augusto;true;337
622.507.806-26;Maria;true;1657
034.860.869-46;José;false;5502
083.113.117-98;Alberto;true;8502
337.758.585-58;João;true;8676
154.066.350-63;Alberto;false;9368
388.857.232-11;Augusto;true;8682
524.795.307-21;Marcela;false;4118
444.129.979-39;José;false;2836
095.898.108-58;Marcela;false;2068
031.455.110-56;José;true;2577
381.680.934-87;Augusto;false;4597
501.237.412-40;Maria;false;9188
214.156.541-70;Denise;false;672
653.318.393-34;Alberto;true;5907
138.219.784-40;Alberto;false;2399
874.132.862-55;Augusto;false;7190
367.456.583-44;Augusto;false;4400
469.748.781-62;José;false;3216
425.439.990-95;Alberto;false;6556
177.215.897-66;João;true;6576
262.633.751-70;José;false;2507
452.212.445-05;Alberto;false;1042
998.035.358-45;José;true;3819
651.010.098-60;João;false;968
692.845.055-88;Alberto;false;3721
574.959.688-23;José;true;7417
379.158.006-39;João;true;167
960.390.098-64;José;true;9798
345.361.558-79;Maria;false;294
286.962.737-63;Maria;true;1045
747.012.070-61;João;false;4548
970.005.656-44;José;true;3236
521.221.196-85;Denise;false;149
584.828.171-85;Augusto;false;1939
535.147.412-43;Augusto;true;6986
117.999.715-34;João;true;5912
786.244.643-49;José;true;3778
486.007.812-57;José;true;793
941.771.870-68;Marcela;true;163
804.152.714-43;Denise;false;7670
181.901.730-49;Augusto;true;5155
950.929.651-40;Alberto;true;3158
266.074.954-72;Maria;true;5298
598.302.947-12;Denise;true;6552
717.430.627-17;Denise;true;500
085.787.095-03;Maria;false;7735
977.934.925-18;João;false;5696
954.677.613-75;João;false;4578
859.390.193-49;Denise;true;6778
452.248.557-99;Marcela;false;6439
452.668.000-88;Denise;true;6476
024.846.277-59;Denise;false;3173
282.087.803-22;Denise;true;897
576.650.055-41;Augusto;false;7171
886.242.277-79;Maria;false;5610
673.276.795-26;Alberto;false;9633
488.433.298-27;João;false;3930
657.263.859-65;Maria;true;7045
119.226.160-40;João;false;6013
849.236.680-04;Augusto;true;2059
122.053.786-03;Denise;true;3611
854.269.451-30;Denise;false;1877
652.252.979-37;Maria;false;2806
665.063.346-11;Augusto;false;3822
852.132.029-51;Augusto;false;638
040.358.082-48;Marcela;false;3382
238.499.580-45;Alberto;false;48
688.502.127-54;José;false;2345
858.530.107-99;Marcela;false;5475
471.252.163-28;Marcela;true;4622
420.177.529-86;José;false;9802
567.908.687-39;Alberto;false;2394
337.793.533-49;José;false;2773
539.045.610-74;José;true;3138
185.228.834-74;Maria;true;2118
563.927.045-04;João;true;7
984.180.671-87;Denise;true;623
815.854.467-56;Denise;true;6754
920.814.408-38;Alberto;false;8422
300.811.985-78;Augusto;true;9652
365.895.602-60;José;false;9685
051.967.506-50;Marcela;true;6456
645.406.752-38;José;false;1875
584.387.042-69;Denise;true;1294
828.492.530-26;Augusto;false;8452
446.620.347-14;Augusto;true;9739
604.456.171-20;Marcela;true;6041
399.582.333-06;Marcela;true;2162
825.120.857-29;Maria;false;1740
343.287.746-13;Marcela;false;4557
808.229.950-09;Denise;true;1824
090.043.982-95;Denise;false;5127
318.141.249-59;João;false;2460
200.856.660-36;Denise;true;1631
916.274.524-33;Maria;false;8740
333.131.966-14;Denise;false;9231
269.677.691-08;Augusto;true;3190
038.565.388-81;Marcela;true;6302
204.355.548-20;Maria;false;1109
679.508.602-08;João;true;7056
04.236.899-86;José;true;3713
119.375.877-42;João;true;1778
708.959.217-18;Denise;true;493
570.708.119-19;João;true;219
807.827.995-31;Maria;false;2649
680.998.389-38;João;false;2142
886.076.069-45;José;true;2033
786.733.198-78;Denise;false;5325
016.186.981-68;José;true;3231
641.914.985-79;João;false;1390
749.222.738-55;João;false;8870
301.175.899-90;Maria;true;469
515.313.719-55;Marcela;true;6339
868.109.965-48;João;true;6317
327.444.234-66;José;false;6229
254.475.223-53;Alberto;true;5256
200.358.855-08;Maria;true;2703
191.895.853-15;José;false;5399
921.813.145-68;Augusto;false;2978
085.995.112-43;José;true;516
105.964.633-23;Alberto;true;2563
899.342.065-71;Maria;false;4510
151.698.565-04;Marcela;false;9016
763.553.010-99;Alberto;true;1423
176.336.825-51;Maria;true;5591
546.425.325-01;José;false;551
807.784.643-49;Augusto;false;7962
939.431.028-70;João;false;410
979.973.850-70;Denise;false;6543
729.011.339-22;Augusto;false;4564
943.872.059-62;José;true;7578
287.381.863-04;Marcela;true;7621
164.913.049-05;Alberto;false;3521
911.995.595-27;Alberto;false;7412
396.816.272-13;José;true;2853
942.182.542-52;Denise;true;8038
046.127.232-21;Maria;true;2452
672.689.084-59;Marcela;false;7412
575.401.445-60;Alberto;true;1609
895.694.874-83;João;true;1287
982.762.110-54;Denise;true;8734
445.209.713-78;José;true;8121
044.234.872-14;Denise;false;4760
063.382.192-71;Marcela;false;2536
217.329.291-70;Denise;false;1676
299.570.454-46;João;false;7616
987.074.025-51;Marcela;false;2889
220.323.446-70;Augusto;false;4201
899.390.734-15;Marcela;true;8782
547.109.130-02;Denise;false;1968
652.360.505-77;Augusto;false;3721
754.095.016-81;Marcela;false;2623
187.316.598-16;José;false;1390
813.241.087-66;José;false;5896
028.193.164-12;Alberto;false;3181
941.592.417-64;Denise;true;471
940.280.197-22;Alberto;true;664
121.156.117-83;Denise;true;7961
546.487.082-07;João;false;2416
419.102.143-87;Alberto;false;4254
976.163.677-80;João;false;5853
06.689.762-11;José;true;6722
951.962.434-25;Maria;true;2467
169.600.345-69;Marcela;false;4168
480.562.895-47;José;true;5055
825.108.165-34;José;true;7406
219.831.052-03;Denise;false;7069
105.964.702-45;Denise;true;7509
455.836.373-44;João;false;2531
032.352.513-65;Augusto;true;7713
844.453.850-92;João;true;2624
761.202.216-39;Alberto;false;3317
899.601.833-61;João;false;2540
832.625.761-05;João;false;8134
012.986.970-58;Maria;true;3584
384.164.265-78;João;false;3311
226.572.107-01;Denise;true;9989
367.192.427-30;João;false;8657
976.017.169-39;Augusto;true;1092
729.240.318-30;Augusto;false;4266
736.333.260-92;João;false;6187
02.574.875-40;Maria;false;8114
234.528.326-69;Alberto;true;4214
491.173.320-08;Augusto;false;9489
295.439.697-38;Maria;true;1731
06.037.345-52;Augusto;true;1957
545.046.321-52;José;true;3357
813.731.702-61;Marcela;false;5205
134.482.996-37;Denise;true;2542
929.593.155-65;João;false;4015
115.500.828-61;Maria;true;6645
656.709.141-69;Maria;false;8037
319.484.618-01;Maria;true;745
885.626.612-31;Maria;false;8748
762.242.148-07;Maria;false;5770
816.569.810-19;Denise;false;8527
789.421.298-00;João;true;3552
170.820.089-18;Marcela;false;4588
432.390.553-53;Augusto;false;4438
170.679.490-13;João;false;3146
791.801.228-87;Denise;true;9933
836.640.092-61;Marcela;true;8360
447.756.862-78;João;false;6361
290.499.949-97;Denise;false;6470
191.458.815-11;Alberto;true;6729
188.121.633-76;Denise;true;2600
368.626.650-63;Denise;false;4953
409.003.782-39;José;true;4008
437.405.671-72;João;false;5713
588.111.085-77;Marcela;true;2699
965.341.443-68;Alberto;false;2363
678.135.046-17;João;true;7730
857.734.610-48;Augusto;false;2097
930.879.568-75;Denise;false;5103
438.880.778-47;Marcela;false;2733
457.409.013-80;José;false;2276
078.234.558-19;Alberto;false;3558
239.572.765-19;Marcela;true;9590
087.926.579-62;Denise;true;2199
871.328.603-57;Augusto;false;955
154.106.131-10;Denise;true;9832
879.751.999-23;Denise;true;8293
825.626.163-34;Maria;false;5060
704.552.646-74;Alberto;true;9283
568.230.249-76;Alberto;true;1295
666.123.328-80;Marcela;false;4446
636.113.062-80;João;true;2021
278.321.948-56;Augusto;false;1699
196.179.300-96;Maria;true;8754
071.016.036-78;Augusto;false;9527
057.234.054-78;Marcela;true;1420
829.519.831-30;Augusto;false;3363
800.307.775-86;João;true;6440
035.369.499-37;Alberto;false;6286
878.232.641-35;Augusto;false;5461
627.608.537-38;Maria;true;9829
329.205.846-77;Alberto;false;9363
720.832.460-92;João;true;9903
061.849.677-07;Maria;true;6808
033.357.465-52;Maria;true;3293
100.035.714-12;Maria;false;8111
183.519.428-06;João;true;3303
993.741.206-16;Alberto;false;6806
973.715.577-54;José;false;7606
599.888.170-12;Marcela;false;8225
440.284.510-14;Alberto;true;7671
143.939.218-36;Augusto;false;4908
222.751.565-47;Denise;false;7473
241.587.306-10;Augusto;true;9132
925.484.060-87;Denise;false;4503
252.479.279-70;Maria;false;6285
935.057.163-93;Alberto;false;1847
737.690.221-91;João;true;4512
940.423.043-77;Maria;false;1293
902.422.877-24;Marcela;true;3423
178.808.624-70;Augusto;false;720
301.335.604-97;Alberto;true;9803
156.613.475-70;José;true;8608
780.033.226-61;Denise;true;8674
987.438.022-40;Maria;false;9817
976.468.672-97;Alberto;true;9672
763.854.741-41;João;true;284
762.094.824-68;Alberto;false;8877
330.111.001-76;Alberto;true;3316
900.141.836-46;Marcela;false;4537
226.284.606-39;Augusto;true;6356
764.104.062-29;Marcela;true;1422
501.862.207-03;João;true;1015
756.294.276-73;José;true;2848
044.895.444-70;João;false;2430
038.858.705-17;Denise;true;902
521.535.309-77;Alberto;true;2727
946.322.006-10;Alberto;true;2066
921.180.566-35;José;false;8821
444.808.383-30;Alberto;false;6298
456.996.835-20;Denise;true;165
153.976.588-17;Denise;true;4985
646.938.513-13;João;false;7897
859.463.636-69;Alberto;false;4945
929.403.410-16;Maria;false;9629
478.621.372-24;Augusto;true;6642
838.123.032-44;João;true;6274
896.057.576-81;Marcela;true;7863
266.187.661-09;Maria;false;6981
454.506.101-56;João;true;6149
863.393.912-41;Denise;false;6106
512.551.555-34;Alberto;false;6558
374.638.918-99;Maria;false;2880
310.907.951-48;Marcela;false;6370
525.666.468-03;Denise;true;6530
860.655.929-07;Denise;true;4722
958.642.752-69;Denise;false;8144
868.591.636-89;Marcela;true;1474
240.550.983-71;Denise;true;4172
891.314.248-14;Augusto;true;3870
432.930.243-56;Alberto;true;4938
427.525.587-67;Maria;true;5921
200.690.255-09;Alberto;true;5573
678.820.772-82;Alberto;true;1040
734.097.407-91;José;true;9753
295.547.054-48;João;true;8655
468.836.243-72;João;false;7198
087.196.812-58;João;false;5539
878.011.587-05;Marcela;true;3818
526.377.081-64;João;false;3674
158.062.864-36;João;false;4957
787.715.769-26;Marcela;true;290
836.234.032-85;Maria;true;79
171.790.740-51;Maria;false;3701
634.063.974-09;João;true;964
698.780.547-14;Augusto;false;5380
358.765.093-84;Maria;false;242
521.952.317-24;José;false;9150
306.660.665-37;Denise;true;5349
637.402.585-94;Maria;false;8284
397.183.038-88;José;false;7580
704.830.421-77;Augusto;true;9936
956.540.740-30;Denise;false;6091
572.479.448-11;José;true;3036
238.250.253-93;Augusto;true;2986
219.824.609-36;José;true;4903
315.707.987-37;João;false;1086
023.011.751-99;Augusto;true;9119
809.127.138-36;Alberto;false;5473
723.421.915-07;João;true;7687
845.083.109-03;Augusto;false;4725
567.505.056-59;José;false;3436
407.927.993-72;Denise;true;5461
069.985.698-55;Denise;true;4119
324.524.082-56;Maria;false;6551
688.261.718-10;Augusto;false;2213
757.389.336-75;Alberto;false;4913
983.972.921-91;João;true;7179
335.854.588-09;Maria;true;156
474.710.702-64;Marcela;true;8232
973.977.105-66;Denise;true;6729
511.460.114-75;José;true;7518
192.417.794-30;Denise;true;7298
431.087.375-48;Denise;true;5052
673.748.910-43;Augusto;true;3503
904.984.409-38;João;false;7558
061.508.248-44;Maria;false;6540
865.932.542-02;Augusto;false;2744
672.617.499-08;João;true;5767
431.968.977-47;Denise;false;9847
912.424.842-61;Marcela;true;3916
290.035.598-03;Denise;false;6300
702.459.226-51;Marcela;true;6109
437.204.018-43;Marcela;true;7279
271.799.503-84;João;true;4668
030.870.580-86;João;false;2608
329.719.937-10;Alberto;false;8619
860.843.181-62;Marcela;true;7077
131.467.057-56;Marcela;false;3650
241.670.668-17;João;false;9880
744.627.290-07;José;false;9933
669.346.847-00;João;true;2243
887.368.903-45;Marcela;true;8275
826.058.372-07;Maria;true;4575
052.966.161-35;João;true;3274
702.343.050-87;Augusto;true;9208
910.420.704-92;Alberto;true;5822
778.520.547-91;Denise;false;8824
882.842.818-21;Augusto;false;9968
113.254.168-11;Marcela;false;7767
940.988.300-15;Denise;false;2074
218.225.414-15;José;false;1609
455.497.535-72;Augusto;false;4933
384.666.556-95;Maria;true;9406
288.208.274-44;Augusto;false;3106
127.672.923-97;Alberto;false;9754
786.109.725-95;Maria;true;2195
258.852.635-14;Alberto;true;8554
700.632.365-64;Augusto;true;8349
309.358.969-16;José;false;6522
473.115.442-82;Maria;false;4922
154.970.745-76;João;false;3962
320.411.252-72;Alberto;false;6587
365.548.597-72;Maria;false;6589
269.906.347-74;Marcela;false;336
718.047.689-71;Maria;false;1024
459.011.749-44;Alberto;false;4965
940.972.728-60;Alberto;false;6554
883.692.140-96;Augusto;true;5043
951.638.664-13;Maria;false;1355
369.932.647-23;Alberto;true;3328
277.469.860-75;Denise;false;9557
183.007.836-11;João;false;2068
206.559.919-68;José;false;114
969.708.506-08;Alberto;true;5116
096.361.025-24;Alberto;false;6526
968.025.926-85;Marcela;false;9136
995.614.914-90;Alberto;false;4027
914.933.492-12;Maria;true;9395
424.712.611-95;João;true;2536
757.021.671-06;Denise;true;8202
580.359.333-35;José;false;7651
141.333.959-38;João;false;8462
523.837.867-07;Augusto;true;5818
953.096.990-86;João;false;1595
858.393.559-81;Marcela;true;133
140.812.253-40;João;true;8055
578.693.550-95;Denise;true;4587
587.262.648-18;Marcela;true;3475
124.796.713-71;Augusto;false;6983
604.576.714-50;Marcela;false;2853
936.686.439-91;Denise;false;1260
069.232.464-85;Marcela;true;3715
667.441.361-17;Augusto;false;5451
279.179.522-71;José;false;45
840.599.491-06;João;false;4486
959.242.443-67;Alberto;true;7479
493.857.738-40;Marcela;false;5469
375.780.430-13;Maria;false;339
255.336.938-26;Maria;true;1898
408.808.453-12;Marcela;true;9492
451.186.497-86;Alberto;true;2701
609.499.494-09;Augusto;true;116
024.223.288-85;Denise;false;7552
120.931.671-80;Maria;true;847
624.939.009-83;Alberto;true;1273
486.102.481-98;José;false;2157
814.537.377-97;Maria;true;9465
879.216.205-05;José;false;8133
224.884.547-18;José;false;234
037.599.776-27;Augusto;false;1968
420.892.002-34;Augusto;true;5650
451.909.570-68;João;true;7656
130.804.307-91;Maria;false;4032
947.963.814-13;João;false;7959
912.577.982-93;José;false;9787
425.260.044-13;José;true;765
386.997.882-86;Denise;false;2278
203.013.080-59;Marcela;false;7767
624.314.554-92;Marcela;false;6247
405.450.260-91;Maria;false;5426
092.178.914-28;Alberto;true;3709
912.987.027-88;Maria;false;1683
979.863.082-17;Augusto;false;8500
182.638.761-15;Marcela;false;5036
043.262.203-94;Marcela;true;224
336.965.264-55;Marcela;true;1861
582.974.940-30;Marcela;true;6106
191.753.202-07;José;true;3842
848.880.929-37;Maria;true;9078
498.980.851-75;Marcela;true;935
795.244.930-61;Alberto;true;6926
235.728.467-27;Denise;false;9219
580.923.173-28;José;false;4168
202.137.774-04;Denise;false;1248
130.851.700-92;Augusto;true;172
524.725.019-31;Marcela;false;8002
143.253.564-63;José;false;9742
467.065.732-92;Marcela;true;5705
915.108.385-55;Marcela;false;495
990.367.046-99;Augusto;true;2430
782.427.481-63;Marcela;true;6786
982.523.640-70;Maria;false;8788
501.734.358-75;Marcela;false;9446
876.215.366-52;João;false;9187
168.575.267-60;José;true;8575
506.153.030-60;Marcela;true;283
886.604.187-93;José;true;6654
094.646.903-43;Augusto;true;1866
694.239.972-62;Denise;true;3905
689.966.392-38;José;false;540
574.143.604-36;Marcela;false;298
501.432.931-41;Augusto;false;4838
621.256.754-98;Marcela;true;3679
534.761.533-28;Maria;true;8626
455.574.727-89;Marcela;true;8252
399.808.166-27;João;true;391
435.831.892-21;João;true;3154
012.364.929-16;João;false;6699
613.688.782-68;Alberto;false;2764
755.901.915-37;Maria;true;1716
184.276.057-75;Maria;true;3610
654.736.172-76;Alberto;false;7284
853.288.352-24;Marcela;false;9703
392.403.209-44;José;false;5246
866.536.989-26;Denise;true;2419
060.088.072-74;João;false;4072
046.008.106-46;João;true;5843
714.070.500-92;Alberto;false;1375
074.545.461-04;José;false;9584
076.566.478-08;Maria;true;7471
660.569.512-28;João;false;6610
501.785.710-32;José;true;2850
889.361.826-50;Alberto;false;9036
043.960.275-87;Marcela;false;5660
615.392.378-90;Denise;true;8629
412.192.533-72;João;false;5210
743.072.307-86;Augusto;true;9060
806.445.664-61;Maria;false;1533
465.183.761-78;Maria;true;6152
133.737.753-52;Marcela;true;477
358.095.903-94;José;false;4523
666.525.366-17;Marcela;true;1448
843.828.438-87;Augusto;false;8843
182.680.429-44;Denise;true;6344
881.149.961-66;Marcela;false;8751
404.696.228-38;Denise;false;3242
991.920.907-14;Marcela;false;6068
216.191.790-51;Marcela;false;7190
425.389.999-12;João;true;1658
085.442.838-03;Alberto;false;1365
325.032.186-17;Augusto;false;943
737.520.478-52;Denise;false;1637
686.516.886-21;Maria;false;4043
781.811.890-86;José;true;7185
847.730.698-89;José;true;9017
346.376.796-70;Alberto;false;4168
199.470.419-21;João;true;9945
842.538.067-64;João;false;4116
943.557.242-14;Augusto;false;8457
711.923.746-99;Maria;false;1866
092.083.208-35;Denise;false;743
338.780.161-22;Augusto;false;7843
597.956.584-80;José;true;7968
607.698.453-68;João;false;4166
642.645.076-26;José;true;9528
554.344.878-28;Alberto;true;2784
621.363.374-04;Augusto;true;1794
650.304.992-22;Augusto;true;7057
356.227.828-54;Marcela;false;2055
924.164.090-90;João;false;709
124.805.710-59;Marcela;true;7756
704.244.457-99;Marcela;true;8418
699.917.073-51;Maria;true;3369
350.861.831-78;Alberto;false;5713
949.755.666-09;Maria;false;7820
187.761.210-03;Denise;false;181
780.455.102-22;Denise;false;6770
182.026.726-03;Denise;true;8833
239.819.590-28;Augusto;false;7858
779.136.965-68;José;true;4196
511.791.037-56;João;true;8957
477.716.280-33;Alberto;true;6051
970.369.617-93;João;false;1345
291.906.963-91;José;false;7273
738.508.995-27;João;false;5805
793.998.531-44;João;true;1218
576.616.750-41;Maria;true;6585
130.374.313-41;Maria;false;2934
035.961.278-42;Marcela;false;7835
406.606.575-34;Maria;false;9162
087.319.855-59;Alberto;false;4630
154.902.462-43;Denise;false;2742
824.565.561-89;Marcela;true;2468
105.037.181-99;Denise;true;3850
263.385.303-09;João;false;1297
732.512.161-92;Maria;false;7721
047.636.498-83;João;false;553
987.226.358-49;João;false;432
268.524.846-45;Alberto;false;9167
270.199.051-83;Augusto;false;7053
198.292.960-33;João;true;3834
864.777.798-05;Augusto;true;5767
664.370.266-47;Marcela;true;3775
454.436.340-45;Denise;true;2782
285.749.597-49;Marcela;true;896
674.709.798-06;Alberto;false;1039
167.932.119-53;João;true;3268
102.128.652-88;Marcela;false;1287
309.626.279-66;Marcela;false;7581
861.566.705-00;Marcela;true;8881
141.076.461-51;Denise;true;3567
717.137.542-46;Augusto;true;5617
700.111.333-80;José;false;8951
424.500.564-52;Denise;true;7878
070.724.048-50;Augusto;false;4498
592.683.500-04;Alberto;true;3914
892.302.093-12;Marcela;false;5448
413.023.837-89;Denise;true;8465
679.849.932-12;João;false;6730
946.422.153-85;Maria;true;5590
468.676.022-59;José;false;5834
598.021.910-73;Maria;true;8050
139.696.665-00;Augusto;true;1512
387.473.290-14;Marcela;false;9201
046.103.317-89;Marcela;true;8523
760.994.978-82;Alberto;false;7812
975.277.752-49;Maria;false;973
317.320.099-94;João;false;4521
730.451.662-78;João;true;4269
582.335.006-56;Marcela;false;5166
163.578.833-36;João;false;5533
351.303.209-61;João;true;6340
076.452.911-88;Augusto;true;1064
993.156.969-94;Denise;true;8976
765.311.638-04;Marcela;true;8244
860.443.050-38;Augusto;false;7659
174.211.908-93;Marcela;true;7889
410.639.063-73;Augusto;false;5138
05.172.043-89;João;true;2763
206.721.126-27;João;true;5765
831.636.207-30;Marcela;true;5176
033.770.349-40;Maria;true;4797
594.172.517-09;Denise;false;415
105.498.324-81;Denise;true;7409
278.377.692-86;Alberto;false;1146
162.894.516-80;Denise;true;3541
742.806.162-95;Alberto;false;8558
705.861.649-81;Alberto;true;7291
997.960.042-83;Marcela;true;470
947.185.258-74;Denise;false;2166
864.890.741-29;João;true;6902
582.584.602-43;Marcela;true;1464
234.329.623-52;Maria;true;2764
351.338.481-48;Alberto;false;3483
534.098.586-31;Marcela;true;1326
856.233.046-45;Augusto;false;4448
0.513.311-22;Denise;false;2009
043.694.234-39;José;true;4862
961.471.655-33;Maria;true;1216
438.895.209-43;Maria;false;1015
394.881.988-53;Alberto;true;555
581.336.525-62;Marcela;true;9866
903.886.866-26;Denise;true;437
06.331.374-80;Marcela;false;2470
864.210.300-29;José;true;4069
210.352.235-63;Marcela;true;9824
517.088.832-42;Maria;false;4897
055.933.208-75;Marcela;true;9786
156.571.961-93;Denise;false;4334
760.293.087-78;Augusto;false;2167
490.312.797-38;Augusto;true;2969
253.100.403-22;José;false;2309
045.393.416-59;Maria;false;3324
371.282.754-83;Marcela;false;2442
248.138.519-98;Denise;false;7810
434.753.477-06;Marcela;true;9635
253.421.078-01;João;true;2909
294.897.924-37;Denise;true;4512
321.520.965-85;Marcela;true;1842
947.778.047-91;Alberto;false;1656
767.575.851-79;Alberto;false;2628
761.399.527-80;Marcela;true;470
015.420.463-24;Augusto;false;6113
760.744.643-85;Alberto;false;747
264.629.932-87;Maria;false;8773
153.019.477-64;José;false;5541
635.312.927-70;José;true;1366
818.861.889-47;João;false;3792
999.076.505-46;Denise;true;4196
461.766.260-86;João;true;1111
396.225.285-92;Alberto;false;2717
095.743.558-56;Augusto;true;9932
325.705.565-56;Alberto;false;5354
036.998.166-88;José;true;8336
429.961.868-93;Maria;true;8227
905.581.011-24;Marcela;true;8211
610.424.264-40;João;false;7842
430.542.339-64;Augusto;false;8934
828.340.474-00;Denise;true;3079
131.635.469-05;Maria;true;761
633.155.094-57;Maria;false;3862
523.009.551-36;José;false;52
735.817.048-16;Maria;true;7399
898.949.764-78;João;false;1197
073.851.324-26;João;false;5624
796.243.355-33;Marcela;true;8376
073.342.324-43;José;false;6001
425.957.677-87;Maria;true;8872
229.164.547-23;João;false;1649
330.366.683-58;Augusto;false;5871
151.412.152-95;José;true;1682
610.233.478-57;Maria;false;6056
092.676.018-55;Alberto;true;7859
615.107.292-09;Augusto;false;348
408.642.271-59;José;false;1449
857.623.394-90;Augusto;false;6880
263.737.308-75;Alberto;false;1633
615.072.646-46;José;true;9064
376.352.199-05;Alberto;true;9303
281.075.654-69;Marcela;false;4551
880.539.438-39;José;true;7987
710.131.770-52;Marcela;true;8857
943.809.428-14;José;false;3257
908.380.508-26;Denise;true;2534
630.391.346-13;Augusto;false;4099
509.902.189-96;José;false;8402
693.872.124-26;Maria;true;5075
619.495.552-75;José;false;6181
727.505.340-29;Augusto;true;3217
676.880.889-00;Denise;false;2325
947.508.290-53;Denise;false;3316
494.850.767-01;João;false;2266
588.791.375-91;José;false;6403
527.999.609-14;Maria;true;8797
923.269.265-84;João;false;2421
922.456.492-97;João;false;8252
861.918.562-13;Maria;false;987
121.786.829-64;João;false;4553
683.793.092-49;Maria;false;2484
558.992.281-71;Augusto;false;6376
107.429.909-63;Alberto;true;1265
630.418.318-20;Maria;true;2564
921.308.211-61;José;true;8218
362.585.683-83;Augusto;true;4149
619.048.761-80;Marcela;false;493
851.655.647-93;Marcela;false;24
973.737.338-49;Augusto;true;62
312.071.858-52;Alberto;true;5300
844.799.194-23;Marcela;false;430
012.863.951-12;Denise;false;1512
729.863.822-36;Marcela;false;4534
012.139.272-75;Marcela;true;5422
443.821.919-86;Augusto;true;1927
835.990.505-29;Maria;false;1862
05.283.505-86;João;false;138
876.786.674-66;Augusto;false;7682
724.577.986-58;Denise;true;5430
219.134.709-40;João;false;1441
665.396.912-55;Augusto;false;2245
578.474.297-63;Alberto;true;6060
639.273.244-44;João;false;4472
805.951.748-74;Alberto;true;6913
946.391.731-98;Augusto;true;1904
126.898.916-76;Maria;true;7044
362.621.242-89;João;false;9842
515.186.042-34;Denise;false;7823
214.678.543-21;Alberto;true;4981
487.437.601-91;Denise;true;484
702.484.569-09;João;false;3638
687.195.682-59;Alberto;true;2079
311.113.059-94;Denise;true;1607
952.477.117-87;João;false;9455
727.658.182-24;José;false;8647
874.747.254-49;Alberto;true;7033
375.433.315-63;José;false;6809
713.333.864-91;Maria;true;9486
796.149.529-26;José;true;6084
951.354.249-56;Marcela;true;6397
474.873.190-09;José;false;8993
087.169.915-29;Denise;true;6676
457.369.254-28;Denise;true;5510
671.760.303-15;Denise;false;5763
390.619.211-25;Augusto;false;6005
082.173.561-65;Denise;true;7107
350.097.758-09;Augusto;false;6502
815.363.504-65;João;true;7123
176.406.458-88;Alberto;false;7132
801.790.283-60;Marcela;false;5039
971.811.512-39;Denise;true;6911
085.646.345-89;Alberto;true;3132
350.419.902-91;Marcela;false;7889
535.869.930-02;Denise;true;1823
325.819.394-75;Alberto;false;4329
978.868.031-65;João;false;1405
077.868.045-13;Alberto;false;7716
629.984.749-46;Denise;false;767
477.091.224-78;Maria;false;2816
898.480.912-71;Augusto;true;8216
039.134.889-90;Maria;true;8573
654.890.155-01;Marcela;false;3901
024.052.195-29;Alberto;false;7349
857.650.294-77;Maria;true;1886
458.105.607-70;João;false;9771
107.910.102-87;Maria;true;7816
678.018.982-80;Alberto;false;4739
012.608.807-00;José;false;7085
549.944.670-98;João;true;6875
530.905.148-56;João;false;1194
494.097.357-58;Augusto;true;3374
691.391.651-61;Alberto;true;9593
627.182.501-14;João;true;2229
153.163.553-58;José;false;6913
534.210.864-55;João;true;4146
165.085.037-64;João;false;9283
792.295.899-76;Augusto;true;2307
385.950.466-30;Alberto;false;5049
335.905.259-02;Marcela;false;1647
135.528.962-00;Maria;true;9914
244.818.303-60;João;false;673
188.936.087-71;Marcela;true;4344
619.377.061-03;Augusto;true;5920
989.946.430-34;Marcela;true;8512
345.861.162-80;Denise;true;3457
353.371.882-25;Maria;true;3226
574.049.730-59;Augusto;false;8869
956.392.095-63;Marcela;true;3845
210.283.177-14;Augusto;true;1883
944.842.117-82;Maria;false;1510
638.596.768-86;Maria;true;8451
788.229.696-66;José;true;6360
138.806.444-80;Augusto;true;5494
198.780.756-45;Marcela;true;670
638.428.163-79;José;true;2814
154.334.924-84;Marcela;true;876
925.942.916-98;José;true;8611
446.762.357-97;Marcela;true;1349
896.924.291-86;João;true;2711
127.116.208-03;Alberto;true;6500
470.404.515-62;Alberto;true;6937
512.148.152-86;Denise;true;6800
747.352.495-34;Alberto;false;8298
107.090.548-10;Alberto;true;7780
964.934.401-83;Alberto;true;8015
842.778.203-97;Alberto;false;124
529.712.690-54;Alberto;false;9346
741.706.145-06;José;false;666
067.640.346-64;Marcela;false;1264
304.488.036-27;Denise;true;8116
777.815.329-44;José;false;7983
364.039.073-43;Denise;false;5326
147.119.618-58;Maria;false;5266
056.909.312-46;João;true;9176
290.495.626-84;Alberto;false;6973
880.479.937-85;Denise;false;5772
410.351.369-88;José;false;8464
422.216.338-50;José;false;5906
047.396.937-91;Augusto;true;1819
115.432.748-23;José;true;8272
739.701.871-05;Maria;true;4525
118.993.994-40;Denise;true;2320
928.288.520-15;Denise;true;4636
610.876.890-06;João;false;4940
387.074.429-63;Alberto;false;6310
980.630.941-37;João;true;466
619.436.463-98;Alberto;false;2575
379.081.177-13;Alberto;true;29
01.486.979-81;Augusto;true;4020
070.518.342-02;Maria;false;4937
667.429.333-64;João;true;8394
756.955.634-27;Maria;false;4102
139.704.150-51;Augusto;true;5751
398.029.681-06;Marcela;false;4388
970.242.907-74;José;true;361
686.533.251-84;José;true;5350
486.743.034-91;Alberto;false;1933
886.853.510-88;João;true;9339
562.275.030-64;José;false;6455
209.596.673-60;João;true;2786
753.752.619-92;Maria;false;2723
766.758.012-91;Marcela;false;9483
101.340.869-33;Marcela;false;4262
599.051.220-25;Maria;false;5254
713.834.705-04;Alberto;true;1385
121.839.231-97;Maria;false;7607
094.123.643-87;Augusto;false;2186
367.669.885-77;Marcela;true;1536
838.293.674-81;José;false;7407
786.408.838-20;Augusto;false;8907
552.568.772-71;José;true;3816
763.487.878-75;Marcela;false;3660
439.021.993-18;Maria;false;2713
712.474.146-98;Denise;true;70
731.472.095-41;Marcela;true;9816
086.759.619-16;Maria;true;5271
219.590.562-93;Alberto;true;5510
